0.98182
1.80741
1.46287
1.56951
1.23511
1.45431
1.46304
1.76253
1.2888
1.24376
1.61236
0.906276
0.995127
1.5051
1.65586
1.74777
0.906881
1.73762
1.09806
1.02624
1.48553
1.07623
1.29959
1.09407
1.31906
1.31243
0.885273
1.36614
1.15448
1.3823
1.65335
1.63807
1.27868
0.870337
1.60708
1.24283
1.17162
1.0388
1.2693
1.45194
1.15609
1.68417
1.12718
1.27201
1.41835
1.59876
1.48707
1.33491
1.4029
1.24671
1.40064
1.64471
1.42427
1.26937
1.20792
1.02733
1.29832
1.6635
1.30373
1.22587
1.25119
1.70689
1.01923
1.16252
1.6769
1.12362
1.30976
1.57614
1.1625
1.39343
1.09867
1.53909
1.17772
1.18049
1.20444
1.53355
1.53789
1.23546
1.59088
1.46449
1.51634
1.36868
0.832949
1.2647
1.63384
1.24884
1.21683
1.30063
1.38606
1.00186
1.39384
1.26307
1.35328
1.61131
1.06051
1.36397
0.932845
1.27342
1.11146
1.54369
1.22753
1.48741
1.2838
1.29799
1.34494
1.32403
1.4588
1.38577
1.43209
0.866545
1.04997
1.47903
1.64108
1.4908
1.13511
1.45393
1.33171
1.1371
1.37679
1.30983
1.27137
1.10314
1.1209
1.36987
1.16974
1.38366
1.12647
1.22806
1.18472
1.27368
0.971392
1.08392
1.23916
0.982943
0.911295
1.01722
1.48726
0.907616
1.16278
1.67729
0.863055
1.2127
1.39729
1.2459
1.49947
1.38217
0.861602
1.01839
1.38309
1.0629
0.993225
1.15677
1.3355
0.90812
1.25567
1.37923
1.29482
1.24391
1.20213
1.16749
1.15295
1.15986
1.54642
0.986162
1.50742
1.49098
0.988872
1.61781
0.672311
1.36579
0.866771
0.812517
1.21415
1.2078
1.17786
1.26108
1.32639
1.42116
1.70186
1.23106
0.769725
1.46428
1.30648
0.8393
1.31505
1.04891
0.980122
1.24133
1.41358
1.20502
1.25128
1.57484
1.03731
1.42968
1.21295
1.40492
0.962778
1.3781
1.93795
1.39368
1.72873
1.25329
1.22093
1.55044
1.39705
1.39396
1.31371
1.53767
1.44828
1.46251
1.20363
1.63413
1.06551
1.32487
1.71451
1.4459
1.56664
1.57669
1.49236
1.60857
1.46287
1.63454
1.55818
1.6218
1.27605
1.29522
1.14954
1.83426
1.90641
1.29823
1.87701
1.60602
1.30263
1.41123
1.23839
1.47162
1.7509
1.21244
1.63296
1.81908
1.55565
1.5144
1.52709
1.21394
1.32734
1.67977
1.25555
1.32921
1.53597
1.40547
1.04792
1.59938
1.31628
1.98804
1.84247
1.4424
1.34304
1.33747
1.44556
1.46448
1.71252
1.62927
1.69521
1.28262
1.81936
1.38899
1.32115
1.50573
1.66713
1.53473
1.15159
1.44863
1.60359
1.12215
1.55497
1.65148
1.32255
1.60416
1.49216
1.33946
1.51146
1.1497
1.0746
1.70094
1.28262
1.35517
1.48834
1.61351
1.65288
1.34042
1.25743
1.84136
1.75604
1.2862
1.55857
1.78007
1.64115
1.14581
1.65978
1.55992
1.09215
1.49866
1.18471
1.44715
1.57281
1.82899
1.20064
1.48648
1.26761
1.55312
1.76581
1.11652
1.11675
1.52405
1.45599
1.43625
1.57223
1.22042
1.13113
1.21236
1.41734
1.2516
1.39503
1.25985
1.42499
0.957759
1.12895
1.51311
1.40532
1.38939
1.12873
1.54776
1.32396
0.839106
1.38196
1.46012
0.941159
1.56455
1.77357
0.900096
1.25085
1.23013
1.18213
0.941437
1.52953
1.33097
1.45885
1.70452
1.17238
1.5653
1.30188
1.40277
1.22337
1.73505
1.61598
1.25215
1.69413
1.35862
1.27917
1.16313
1.4741
0.893819
1.3953
0.971667
1.15573
1.52223
1.29014
1.40629
1.12308
1.40812
1.37457
1.8248
0.937073
0.924154
1.67426
1.20666
1.40911
1.15322
1.22893
1.55705
1.46677
1.26721
1.4826
1.35781
1.57208
1.47673
1.23057
1.03847
1.54629
1.34225
1.39426
1.4855
1.49554
1.48474
1.3335
1.32761
1.66206
1.39814
1.38879
1.48608
1.90193
1.31034
1.12618
1.74472
1.61933
1.21939
1.43048
1.30673
0.965843
1.32262
1.26311
1.25445
1.31949
1.41465
1.00817
1.42877
1.09873
1.5337
1.03793
1.0841
1.26587
1.31287
1.13135
1.59979
1.26282
1.36601
1.53558
1.33503
1.28792
1.1111
1.39294
1.33158
1.27343
1.25825
1.39069
1.43308
1.49056
1.49902
1.12645
1.33876
1.6378
1.55688
1.64985
1.21947
0.694938
0.55456
1.6448
1.0688
1.84961
1.6857
1.09331
1.74097
1.44552
1.33453
1.27299
1.17974
1.62474
1.23242
1.21232
1.30638
1.34362
1.43682
1.80405
1.20255
1.45946
1.5402
1.24377
1.53483
1.16868
1.81344
1.0646
1.80166
1.37162
1.36691
1.39617
1.70772
1.49318
1.5937
1.38939
1.57865
1.55054
1.41808
1.21868
1.40023
1.15252
1.3095
1.15722
1.19293
0.961169
1.24787
1.51603
1.19193
1.17223
1.17782
1.34303
1.41295
0.87308
1.67885
1.17704
1.01764
1.54696
1.30632
1.00974
0.950512
1.13701
0.77269
1.19533
1.35842
1.10627
1.02512
1.22894
1.54236
1.64688
1.23661
1.56611
1.62473
0.964495
0.922321
1.01859
1.2868
0.957132
1.77816
1.18494
1.20621
1.37849
1.74707
1.34675
0.53641
1.31268
1.14185
1.77243
1.43611
1.39579
0.730843
1.32044
0.929424
1.00819
1.3819
1.21301
1.36991
1.16249
1.3556
0.947469
1.09202
1.42738
1.0599
1.54637
1.51267
1.15893
1.26824
1.44276
1.1349
1.19169
1.65756
1.18493
1.11683
1.67566
1.21668
1.18214
1.61565
1.06278
1.71628
1.25731
1.17347
1.38896
1.3212
1.17212
0.992603
1.26366
1.34924
1.55532
1.18514
1.13903
1.5001
1.27652
1.48711
1.51668
1.23176
0.927487
1.13491
1.69827
1.22034
1.59138
1.62628
1.45384
1.78067
1.50852
1.80665
1.23481
1.10189
1.64386
1.24235
1.0701
1.82449
1.1681
1.48341
1.40647
1.06127
1.05921
0.886448
1.33193
1.31782
1.01432
1.31397
1.55501
1.30439
1.1881
1.59786
1.06679
1.18361
1.58633
1.37423
0.78559
1.37668
1.23427
1.52472
1.21838
1.31989
1.22471
1.85979
1.13566
1.19029
1.18573
1.61834
0.96709
0.996346
1.39231
1.92607
1.39316
1.30165
1.12524
1.59797
1.56354
1.45604
1.30204
1.57393
0.869014
1.28985
1.25476
1.38498
1.52457
1.60238
1.70829
1.2892
1.31383
1.45317
1.45268
1.21836
1.11282
1.79221
1.77121
1.50387
1.61847
1.91002
1.79001
1.1056
1.40095
1.15924
1.78915
1.07234
1.30025
1.53876
1.4637
1.47044
1.57088
1.31316
1.74298
1.59876
1.33714
1.32895
1.45368
1.15108
1.4244
1.26631
1.17921
1.70917
1.43734
1.58315
1.55588
1.84489
1.11286
1.10672
1.63692
1.4248
1.51397
1.49793
1.08258
1.23267
1.43438
1.37227
1.12191
1.04897
1.09829
0.813118
0.997054
1.08004
1.60405
1.63445
1.35204
1.32765
1.30379
1.43448
1.37605
1.17885
0.982339
1.4298
1.29885
0.98019
1.24408
1.31334
1.36979
1.65804
0.972841
0.875727
1.30312
1.615
0.961725
0.914863
1.02485
1.58874
1.28196
1.37409
0.936758
1.49167
1.48708
1.23732
1.20898
1.50656
1.19638
1.10641
1.40966
1.42289
1.16768
1.37921
1.31892
1.2108
1.04467
1.06042
1.63248
1.52078
0.768637
1.81958
1.26335
1.08853
1.60356
1.68027
1.64647
1.04808
1.36395
1.16883
1.56827
0.898362
0.953226
1.60405
1.53923
1.46901
1.29392
1.22467
1.61641
1.53117
1.41663
1.27684
1.07163
1.27032
1.48302
1.62993
1.53258
1.34456
1.48693
1.52918
1.67011
1.41103
1.35296
1.40028
1.55511
1.4166
1.27206
1.66072
1.42299
1.35554
1.51345
1.30787
1.7698
1.68397
1.34378
1.4346
0.899235
0.946051
1.54121
1.55984
1.04464
1.71205
1.37167
1.31739
1.40882
1.27327
1.39723
1.74331
1.09527
1.214
1.48568
1.6243
1.04654
1.24019
1.04629
1.51946
1.7241
1.25344
1.17488
1.38598
1.42391
1.10105
1.30805
1.30684
1.45916
1.49977
1.27476
1.2081
1.41301
1.64182
1.5058
1.56536
1.89347
1.33159
1.12768
1.68502
1.54158
0.97886
1.33011
1.47004
1.4984
1.36153
1.61934
1.49992
0.614307
1.28998
1.35745
1.47481
1.49797
1.36449
1.11188
1.4457
1.31287
0.676565
1.14855
1.59739
1.28328
1.0665
1.68752
1.6481
1.14741
1.54533
1.78308
1.31267
1.38962
1.0061
1.127
1.04528
1.51674
0.950783
1.23024
1.04755
1.05485
1.44402
1.00291
1.07756
1.34489
0.764638
1.47552
0.88737
0.883335
0.574016
0.890258
0.793057
1.35234
1.00316
1.23137
1.3956
1.45113
1.13424
1.30921
1.32461
0.956651
1.03938
0.60951
1.26607
0.941614
1.29892
1.32708
0.930969
1.0143
1.28845
1.1522
1.05536
1.26374
0.970676
1.38714
1.41038
1.30738
1.06806
1.15854
1.36864
0.979865
1.34164
1.1513
1.28022
0.844019
1.47392
1.32847
1.11443
1.10365
1.07169
1.18944
1.12481
1.0117
0.933431
1.28084
0.984123
1.28248
1.51254
0.733366
1.47281
1.49418
1.16186
1.40163
1.13966
1.19732
1.44455
1.14077
1.02977
1.16071
1.44044
1.00328
1.06317
1.15816
1.32493
1.22205
1.08119
0.877668
1.31908
1.42124
1.05738
1.1836
1.26162
0.998191
1.4908
1.09076
1.25971
1.19354
1.45278
1.21877
1.19229
1.42505
1.0804
1.50397
1.39068
0.724541
1.15225
1.16835
1.22802
1.21506
1.06165
0.96458
1.19712
0.917788
1.41776
1.51487
1.47361
1.38247
1.338
1.47897
1.25535
1.1797
0.741691
1.37415
1.2859
1.39613
0.92314
1.4338
1.57248
1.29273
1.20674
1.36115
1.1657
1.13848
1.43978
1.41888
1.29649
1.11829
0.839395
1.34447
1.62255
1.48761
1.15778
1.18462
1.20098
1.39685
1.28255
1.32755
1.24165
1.50378
1.27
1.35526
0.964406
0.928588
1.14214
1.34262
0.977217
1.38229
1.02318
1.36305
1.53133
0.798003
1.50358
1.47725
1.26334
1.24588
1.09354
1.49485
1.43057
1.19337
1.0479
1.2715
1.55031
1.39709
1.4232
1.36742
1.09049
1.68538
1.30287
1.10501
1.19653
1.36365
0.982515
0.793368
1.52571
1.20156
1.28983
0.964295
1.68434
1.15858
1.39303
1.29152
1.1899
1.38795
1.84973
1.10398
1.156
1.2512
1.33965
1.0816
1.76894
1.51265
1.15454
1.12803
1.34753
1.53836
1.05045
1.3474
1.01948
1.0479
1.42155
1.26316
1.21731
1.58344
1.53002
1.08914
1.28361
1.11583
1.35439
1.66453
1.43075
0.868167
1.02085
1.47299
1.37466
1.47783
1.40906
1.36986
1.21752
1.38297
1.6105
1.45131
1.14558
1.41809
1.66449
1.41682
1.15959
1.23701
1.10889
1.44314
0.893897
1.47603
1.17675
1.16553
1.56672
1.33144
1.05485
1.66736
0.660074
1.46899
1.61188
1.03901
1.62518
1.03239
1.38943
1.54559
1.07769
1.47243
1.45383
1.24829
1.00029
1.13757
1.23491
1.33357
1.08974
0.848537
1.52842
1.01157
1.45131
1.88201
1.05529
0.936507
1.15618
1.27595
1.17019
1.18859
1.1613
0.996157
0.936763
1.04666
1.03627
1.35674
0.829024
1.04514
1.14726
0.99797
1.0301
1.29212
1.21666
1.1456
1.02425
1.00002
1.09418
0.996949
1.09771
0.79337
0.690415
1.15032
1.11691
0.977471
1.46569
0.991857
0.971727
1.24213
1.10113
1.064
1.36056
1.12034
0.781444
0.886672
1.31134
1.12799
1.1586
0.942917
0.844668
1.12305
1.35241
1.22216
1.06413
0.927899
1.29991
1.10639
1.10555
1.22646
0.984109
0.986678
1.30828
0.48466
1.2374
0.769436
1.11878
1.10799
0.837832
0.815153
1.41133
0.711825
1.07533
1.35519
0.963744
1.34863
0.752866
0.89805
1.27991
1.13474
0.978935
1.13569
0.975764
0.882468
0.720241
1.04611
1.01413
1.03816
1.08415
0.914798
0.878991
1.04551
1.43515
0.713164
1.23592
1.3498
1.70287
1.08904
1.48653
1.41058
1.28292
1.2122
1.51447
0.926893
0.889454
1.26677
1.35641
1.32244
1.61838
1.18766
1.54596
1.45768
1.52261
1.29918
1.15158
1.47419
1.58282
1.05751
0.860522
1.35981
1.44279
1.04042
2.0105
0.957633
1.42686
1.59899
1.69799
1.4159
1.44013
1.45594
1.12372
1.62965
1.72395
1.47761
1.26988
1.12039
0.878369
1.42027
1.50532
1.28626
1.01302
1.58609
1.28578
1.10846
1.58056
1.69138
1.47673
1.5804
1.82427
1.06604
1.54101
1.32763
1.61371
0.981365
1.2688
1.42905
1.29599
1.4159
0.99488
1.42788
1.67497
1.08803
1.19645
1.06054
1.56377
1.54001
1.19994
1.39829
1.31146
1.34205
1.18549
1.50077
1.55607
1.36259
1.45583
1.17213
1.51345
1.27697
1.6732
0.950268
0.488995
1.32355
1.17797
1.01905
1.24827
1.42086
1.16082
1.31027
1.43276
0.556419
0.647709
0.772582
1.21206
1.35902
1.59629
1.35137
1.39067
1.38948
1.45782
1.27635
1.42539
1.62977
0.981174
0.950118
0.868667
1.27155
0.562465
1.82323
1.32391
1.32872
1.28344
1.45805
1.4256
1.50176
1.41656
0.759782
1.78475
1.62066
1.50342
1.43527
1.13412
1.3539
1.11484
1.31082
1.48404
1.33412
1.45271
1.22742
1.32083
1.55309
1.52901
1.4765
1.64233
1.7241
1.22853
1.54724
1.44526
1.50989
1.17674
1.58551
1.11311
1.33364
1.51142
1.18816
1.42559
1.5053
0.994897
1.30368
1.23524
1.20807
1.29328
1.46718
1.18203
1.2982
1.31267
1.44976
1.30468
1.6295
1.07463
1.41057
1.57943
1.32362
1.38171
1.84603
1.01228
1.62318
1.47781
1.08421
1.34984
1.62936
1.36814
1.61513
1.72299
0.786052
1.0069
1.10268
1.52242
1.65216
1.93225
1.58319
1.69121
1.50641
1.75979
1.60562
1.68146
1.95064
1.23602
0.988525
1.17457
1.54188
0.700497
2.16596
1.5519
1.63445
1.59522
1.76837
1.60203
1.75887
1.67207
0.974497
2.00206
1.87455
1.82438
1.67053
1.18922
1.41109
1.25359
1.65554
1.8374
1.70331
1.60182
1.55529
1.27802
1.70383
1.87575
1.59319
1.88403
2.03412
1.39476
1.85915
1.61361
1.77823
1.47312
1.79801
1.30848
1.5908
1.54956
1.47183
1.6207
1.68358
1.19635
1.43479
1.55183
1.29963
1.62706
1.50651
1.44216
1.49669
1.48919
1.49918
1.49239
1.78271
1.35876
1.59142
1.66517
1.52479
1.71692
2.11748
1.23662
1.50516
1.2375
1.36412
1.37474
1.33949
1.08523
1.53587
1.34842
1.16298
1.11732
1.1616
0.815462
1.37921
1.06619
0.776062
1.17998
1.3405
1.51934
0.906069
1.19023
1.16945
1.38917
1.20429
0.89971
1.44616
0.998988
1.32736
1.05284
1.27115
0.775583
1.39321
1.33014
1.05611
1.01388
1.1053
0.934375
0.873783
1.27045
1.57733
1.44116
1.42652
0.888702
1.45017
1.34824
1.18771
1.0307
1.77906
1.25283
0.462043
1.4347
1.00102
1.09311
1.07986
1.23996
1.17714
0.808295
1.37625
1.39179
1.11914
1.21744
1.25262
1.38209
1.35686
1.2065
1.65734
1.2767
1.26506
1.59729
0.666807
1.63842
1.10587
1.08735
1.32548
1.39422
1.25166
1.35462
1.03141
1.19893
1.5886
0.9013
1.36598
1.55119
1.02331
1.53868
1.09066
0.960162
1.31881
1.03568
0.899316
0.909732
1.02239
0.791613
0.879059
1.38689
0.807392
1.15902
1.30372
1.45216
1.22062
0.619033
1.43576
1.29321
1.07743
1.14408
0.862513
1.16666
0.93342
1.47476
0.975013
1.03776
1.13852
1.51978
1.32157
0.881251
1.15749
1.20471
1.65324
1.39313
1.13154
1.16597
1.29071
1.02561
1.07421
1.18572
1.0935
1.03173
1.31556
1.27578
1.07862
1.23466
1.45264
1.31958
1.51039
1.38387
1.26703
1.34579
1.35798
1.2602
0.95776
1.3332
1.20197
1.09259
1.82757
1.16293
1.06983
1.4397
1.08587
1.48977
0.788063
0.966307
1.24675
1.49065
0.812573
0.987753
1.35159
1.29629
1.19244
1.2715
1.31619
1.61998
1.14655
1.35394
0.976974
1.01101
1.06217
1.24888
1.62373
1.0962
1.44819
1.71553
1.18824
1.20008
1.35369
1.50323
1.56651
1.78555
1.46922
1.36257
0.804204
1.33079
1.60833
1.09774
1.62643
1.41239
1.32366
1.27379
1.13292
1.19294
1.62849
1.28518
1.47735
1.57196
1.17143
1.40007
1.86026
1.22355
1.08947
1.55726
1.36337
1.26728
1.85976
1.27344
1.2953
1.50325
1.26035
1.88242
1.58401
1.55523
1.21207
1.48845
1.64377
1.54629
1.79113
1.65255
1.7193
1.25687
1.92652
1.32264
1.5163
1.41502
1.28975
1.28324
1.41188
1.308
1.58478
1.27607
1.25028
1.54208
0.837999
1.38459
1.37129
1.13838
1.56928
1.09766
1.22465
1.49869
1.2902
0.918786
1.64702
1.58434
1.60582
1.36323
1.04579
1.54436
1.94698
1.25402
1.01583
1.61662
0.890123
1.40903
1.2031
1.25057
1.14868
1.04256
1.34548
1.51624
0.868468
1.58149
1.16484
1.39322
1.35852
1.51474
1.5278
1.26387
1.26001
0.914748
1.2716
1.20234
1.34335
1.2998
1.39768
1.63048
1.38327
1.23384
1.28417
1.30549
1.19034
1.41209
1.35785
1.31943
1.46485
1.1445
0.982067
1.42957
1.57515
1.57277
1.5243
1.2001
1.61053
0.85248
0.837222
1.47621
1.35698
1.23821
1.58461
1.16706
1.51557
1.22738
1.36627
1.47982
1.24805
0.701373
1.46106
1.49284
1.55747
1.4353
1.27521
1.45489
1.29654
1.26028
1.09116
1.42464
1.41119
0.812498
1.19952
1.56628
0.845916
1.09001
1.30248
1.47133
1.79235
0.878995
0.781915
1.38617
1.39964
0.953412
1.55936
1.20857
1.26902
1.10102
1.14915
1.04143
1.01641
1.37183
1.25943
1.22108
1.26537
1.27798
1.06567
0.953038
1.42685
1.19228
0.851452
1.2158
1.28104
1.19656
1.19718
1.40364
1.41264
0.92611
1.29487
1.40751
1.28794
0.972701
1.39671
1.17376
1.24617
1.38577
1.1968
1.23859
1.5523
0.96708
1.12834
1.39406
1.19423
1.1532
1.23629
1.43347
1.23908
0.933864
1.30134
1.05261
1.13276
1.44651
1.12523
1.41569
1.32115
1.12661
1.46713
1.12878
0.905988
1.45178
1.41551
1.54743
1.42315
1.25325
1.42935
1.46806
1.11854
1.30278
1.18273
1.54835
1.18569
1.13754
1.13074
0.955395
1.24779
1.20146
1.33546
1.39235
1.06738
1.12219
1.24256
1.29706
0.866775
1.40289
1.57641
0.970506
1.25152
1.21062
1.39589
1.33538
1.3363
1.74982
1.09643
1.16853
1.27092
1.16563
0.766166
1.39008
1.31199
1.04095
1.22216
1.35546
1.08884
1.65155
1.01024
0.976887
0.98886
1.32751
1.16691
1.67078
1.21957
1.1941
1.37393
1.60116
1.24409
1.56938
1.1328
1.35866
1.17385
1.11443
1.42161
1.09433
1.32187
1.24832
1.65619
1.86686
1.39088
1.63454
1.57436
1.24711
1.00842
1.4609
1.34812
1.23096
1.08633
1.33288
1.5095
1.48723
1.38484
1.03309
1.079
1.02476
1.21384
0.824659
1.0723
1.27769
1.02922
1.53315
1.21377
0.976482
1.11895
1.41347
0.924008
1.28933
1.37389
1.0727
1.43844
1.33443
1.08467
1.56628
1.38559
1.38998
1.20422
1.12909
1.04929
0.672673
0.719305
1.15357
0.872021
1.34385
1.39544
1.24699
1.09223
1.24163
1.06227
1.21156
1.28867
0.733812
1.18585
1.28084
0.895911
1.09883
1.0932
1.23218
1.00999
1.23113
1.25174
1.05079
1.13474
1.14469
1.21983
1.05205
1.21823
1.13988
1.36999
1.39518
1.34288
1.17678
1.19998
0.956626
1.48331
1.37073
1.03513
1.05929
1.28256
0.987211
1.02441
1.04411
0.946516
1.00403
1.11773
1.15178
1.20971
0.815673
1.4251
1.5292
1.13617
1.45702
1.13475
1.51006
1.26061
0.881922
1.22
1.20916
1.40135
0.794432
1.13543
1.4262
1.23603
1.13322
1.14088
1.09298
1.59015
1.25246
0.853059
0.873292
1.07889
1.05534
1.24948
1.3396
1.28026
1.29038
1.6001
0.810827
1.19457
1.31663
1.6352
1.37423
1.22291
1.5593
1.59467
1.18822
1.36169
1.2426
1.31706
1.37791
1.71101
0.989783
1.46561
1.70126
1.65908
1.47026
1.02072
1.33698
1.35754
1.77985
1.46523
1.24932
1.1002
1.4668
1.08197
1.6482
1.31513
1.08178
0.977868
1.69262
1.06891
1.31317
1.45331
1.43774
1.65466
1.58791
1.69786
1.31842
1.39864
1.52371
1.45351
1.00341
1.43475
1.4498
0.976697
1.84374
1.12729
1.32111
1.85852
1.14738
1.60588
1.14627
1.70154
1.41566
1.51485
1.24094
1.3105
1.6158
1.50177
1.64607
1.64055
1.42658
1.77281
1.30379
1.53279
1.39409
1.3976
0.95748
0.590434
0.689283
1.01172
1.22078
1.28798
1.32608
1.21134
1.32117
1.21596
0.890853
1.26706
1.33757
0.665363
0.564161
0.913041
1.16929
0.289015
1.75891
1.07977
1.01107
1.01308
1.40338
1.26631
1.27191
1.2558
0.651908
1.54684
1.52413
1.33816
1.14511
1.00392
1.07509
0.787663
1.24627
1.17987
1.0514
1.19189
1.17945
1.12188
1.38146
1.44713
1.10817
1.47118
1.50654
0.948549
1.34244
1.19656
1.31302
0.926224
1.32325
1.02965
1.26468
1.308
0.945469
1.27755
1.31496
0.927781
1.17463
0.905905
1.06387
1.20152
1.19343
1.1459
1.05826
0.929736
1.22785
1.21064
1.30615
0.907905
1.15819
1.32283
1.3029
1.09489
1.55684
0.848905
0.700249
0.900322
1.12986
1.35524
1.15577
1.15581
1.37323
1.09427
0.964587
1.30928
1.12827
0.596589
0.982541
1.0088
0.892757
0.640544
1.57801
1.23947
1.06484
1.02973
1.13003
1.50888
1.32735
1.1524
0.519735
1.56887
1.27801
1.17826
1.20754
1.34085
1.31554
0.966343
1.12107
1.23602
1.14634
1.29545
1.00769
1.38172
1.26851
1.31818
1.12335
1.4465
1.51257
1.15424
1.44119
1.12495
1.3423
0.977324
1.29849
0.946384
1.17349
1.37523
1.16902
1.43256
1.42648
1.31255
1.33965
0.882704
1.26802
1.07662
1.33258
1.16155
1.20322
1.03192
1.42603
1.32829
1.48949
0.784376
1.33145
1.53594
1.2884
1.12488
1.65549
0.820628
0.895678
1.08271
1.18236
1.11618
1.08288
1.37885
1.40294
0.945092
1.30842
1.33479
0.885527
0.967865
0.710761
1.07479
0.674469
1.46085
1.23615
0.854649
0.843269
1.38578
1.31645
0.895051
1.2025
0.888842
1.60078
1.35154
1.20638
1.06988
1.31756
1.2174
0.704235
1.02211
1.22169
1.21828
1.1051
1.20514
1.28505
1.20951
1.19096
1.13927
1.40062
1.27209
1.17639
1.22463
1.37019
1.0212
1.13593
1.55984
1.04104
1.13426
1.623
1.17815
1.12889
1.30092
1.04586
1.49332
1.02963
0.884705
1.01431
1.53588
0.901473
0.930544
1.14153
1.35638
1.18371
1.22682
0.936936
1.24459
1.46046
1.24629
1.16275
1.29865
0.987265
0.85178
1.05993
1.06215
1.3244
1.55537
1.15824
0.805635
1.39086
0.875501
0.993438
1.13999
0.992085
1.0145
1.06258
1.18284
1.19704
1.00139
1.05455
1.10655
1.57444
1.16253
1.19019
0.873908
1.23279
1.27167
1.06646
1.14774
1.41582
1.24384
1.15354
1.13879
1.2754
1.13574
1.1824
1.34952
1.37072
0.933874
1.11847
1.09638
0.917132
1.30551
1.20664
1.17943
0.990231
1.24712
1.11164
1.26101
1.0122
1.18071
1.494
1.19417
1.51329
1.36508
1.54183
1.35294
0.639624
1.22406
1.17999
1.49839
0.888063
1.21036
1.37399
1.10143
1.24768
1.35541
0.896475
1.33705
1.41784
1.04814
0.660385
1.30369
0.905849
1.25867
1.10803
1.11506
1.53446
1.41316
1.29173
1.12076
0.993108
1.1122
1.17201
1.07024
1.18564
1.32653
1.12579
1.24598
0.98084
1.06777
0.967293
1.40775
1.32303
1.12022
0.989092
1.03334
1.23902
1.12774
1.01802
1.33587
1.52773
1.28757
1.26207
1.21975
1.27626
0.82949
1.4269
1.67247
1.18698
0.793115
1.09845
0.888352
0.90389
0.95282
0.781218
0.952755
0.954616
1.20194
1.41604
1.03903
1.45949
1.28055
1.05107
1.57784
1.18766
1.6544
1.3361
1.01921
1.47142
1.11901
1.39031
1.19039
1.1656
1.21664
1.40372
1.38791
1.12467
0.684365
1.17487
1.59902
1.07924
1.02728
1.3305
1.09286
1.25206
1.04487
1.60643
1.29289
0.929903
1.26096
1.15845
1.2397
1.30684
1.2276
1.16764
1.39369
1.39195
0.78875
1.05151
1.23504
1.44543
1.43389
0.905766
1.01588
1.37353
1.50233
1.24519
0.921516
0.943652
1.49298
1.1846
1.38038
1.05494
0.967827
0.930335
1.33817
1.13908
1.49095
1.3935
1.18896
1.41753
1.4182
1.13999
1.21751
1.13867
1.27938
1.08853
0.827502
1.35538
1.50768
0.990248
1.79817
0.988279
1.09891
1.55073
1.40036
1.53762
0.796588
1.47831
1.17764
1.49696
1.08661
0.986549
1.39408
1.50401
1.45224
1.2399
1.28175
1.53281
1.33662
1.49885
1.00194
0.876615
1.18265
1.265
1.36455
1.46052
1.46898
1.44815
1.38534
1.14165
1.34206
0.996188
0.976356
1.34851
1.25581
1.14896
1.4065
1.62122
1.22587
1.41362
1.0126
0.961419
1.11825
1.53114
0.883806
1.0589
1.02089
1.35458
1.16702
1.50454
1.37878
1.35614
1.49639
1.13445
1.27816
1.14575
0.720876
1.18898
1.23206
1.31258
1.4035
1.16602
1.31167
1.07957
1.17093
1.21434
1.36533
0.852501
1.11054
1.55539
1.38409
1.3909
1.53762
1.59998
1.5681
1.2079
1.42671
1.29446
1.24828
0.973504
1.13946
1.50204
1.36261
1.48533
1.30101
1.171
1.83389
1.22155
1.10337
1.49057
1.27986
0.850026
1.09355
1.18805
1.28471
0.676906
1.11376
1.01724
1.22988
1.33074
0.830526
1.32616
1.30732
1.05085
0.786662
1.05691
1.04515
1.25858
1.13592
0.837401
1.10794
1.26777
0.899312
0.7051
1.08202
1.55301
1.24704
1.18119
0.733365
1.18184
1.12059
1.14998
0.745171
1.69392
1.42775
0.802166
1.31762
1.36773
0.964552
0.966944
1.29954
1.19378
0.622809
1.09069
1.27327
1.33103
1.07227
1.31122
1.22069
0.948633
1.18544
1.48431
1.30516
1.11012
1.51777
0.515592
1.4701
1.21197
0.741334
0.931658
1.50197
1.25746
1.123
1.12679
1.11667
1.43763
1.28987
1.34136
1.31665
1.08629
1.1303
1.51338
0.819716
1.4667
1.33028
1.37268
1.33527
1.10525
1.38206
1.36681
1.21369
1.19238
1.50154
1.12032
0.973711
1.59876
1.05026
1.30797
1.25391
1.14572
1.01893
1.70957
1.31295
1.09822
1.43447
1.29488
1.6283
1.45439
1.27507
1.25201
1.42383
1.46499
1.37286
1.60768
1.52283
1.3737
1.00759
1.765
1.27384
1.11362
1.47605
0.983136
1.12141
1.51585
1.20862
1.63873
1.02443
0.840398
1.55205
0.897342
1.38009
1.32937
0.929945
1.48546
1.09317
0.901747
1.21467
1.16544
0.744051
1.2069
1.6787
1.57895
0.936372
0.926854
1.55884
1.55814
1.22414
0.943607
1.06234
0.821484
1.00541
1.44596
1.45531
1.02795
1.37992
1.28528
1.21497
1.05819
1.31913
0.87452
1.37816
1.62175
1.16153
1.16034
1.10847
1.25405
0.897983
1.598
1.54557
1.33042
1.50717
1.24282
1.19063
0.85142
1.51626
1.09703
1.66859
1.46991
1.31177
1.50231
1.31081
1.43125
1.13453
1.60476
1.11208
1.38019
1.19399
0.508074
1.13619
1.48404
1.30099
1.42563
1.49542
1.20527
1.65254
1.02654
0.856314
1.64983
0.997522
1.52754
1.28939
1.2969
1.15004
1.30637
1.1363
1.50468
1.4248
1.5146
1.25041
1.14724
0.985378
1.58085
1.05847
1.32627
0.946331
0.983492
1.16492
1.13291
1.20768
0.99183
1.45407
1.13226
0.799938
0.841225
1.36168
1.41883
1.2198
1.25578
1.15404
1.42972
1.50441
1.13533
1.30442
1.42656
1.26909
1.01462
1.19072
1.02062
0.82646
1.33065
1.3276
1.44571
1.41142
1.41356
1.25752
1.39545
1.29948
1.23874
1.33496
1.27714
1.3032
1.00621
1.17647
1.2578
1.35922
1.67845
1.15753
1.32694
1.30209
1.31157
1.37234
0.579635
1.16512
1.17631
1.56412
1.09478
1.13428
1.1445
1.33463
1.1776
1.30719
1.22684
1.37412
1.35006
1.38891
0.613031
1.19784
1.15838
1.11876
1.25167
1.27214
1.29796
1.05874
1.40153
1.19403
0.978253
0.858164
1.11481
0.864091
1.01478
1.53984
0.853916
1.21785
0.990776
1.0991
0.785207
1.44568
1.30174
1.32979
1.35258
0.986856
1.31031
1.11668
1.10816
1.05324
1.72791
1.61099
0.966884
1.52521
1.3297
0.868138
0.814288
1.3464
1.10747
0.818936
1.1564
1.03328
1.29755
1.4168
1.15948
1.20681
1.01728
0.771776
1.52673
0.822335
1.10172
1.46748
0.636382
1.44743
1.15575
0.795468
1.00774
1.386
0.900316
1.06234
1.34533
1.18462
1.28384
1.06567
1.20567
1.37299
1.25636
1.0754
1.41667
1.5047
0.923019
1.44199
1.13189
1.26482
0.889654
1.0182
0.785844
1.65043
1.50031
1.02564
1.11989
1.00581
1.07686
0.813689
1.35709
1.70245
1.49054
1.33215
1.155
1.26754
1.13805
1.23212
1.27487
1.79941
1.2687
1.11331
1.16182
1.12071
1.11686
1.20974
1.40621
0.846866
1.20269
1.17192
0.954798
1.25468
1.42774
1.34464
1.39026
1.5788
1.23815
1.94195
1.32228
0.68713
1.59875
1.02055
1.51823
1.30212
1.23995
1.12346
1.42113
1.33568
1.32006
1.12511
1.35784
1.53399
1.27733
0.800462
1.3885
1.19962
0.834656
1.19126
0.974955
0.832258
1.61599
1.1951
0.961621
1.14483
1.19753
1.35496
1.14917
1.18781
0.601648
1.35072
1.273
1.1633
0.923772
1.32576
1.10371
0.994841
1.24817
0.984236
0.981078
1.16713
1.02863
1.29591
1.13231
1.2212
0.858414
1.26837
1.45183
0.876261
1.27314
1.03805
1.18481
1.01585
1.12905
0.860614
1.2458
1.09887
1.10275
1.45481
1.37935
1.29059
1.31743
0.924284
1.44133
1.09368
1.12865
1.32889
1.13966
0.746299
1.26342
1.43005
1.29748
0.738022
1.15972
1.34387
1.27622
1.1944
1.55323
0.562833
1.1251
1.25796
0.616192
1.87664
1.00406
1.11728
1.17974
1.51889
1.30184
1.27643
1.23404
0.753198
1.47119
1.51846
1.40792
0.977137
0.920037
0.915419
0.831807
1.39594
1.32881
1.27905
0.989762
1.35145
0.996752
1.30571
1.48969
0.911613
1.42982
1.4879
0.78703
1.31456
1.0383
1.26498
0.98358
1.38702
1.15605
1.30643
1.10309
0.924806
1.29524
1.33379
1.16319
1.17546
1.02232
1.14222
1.35661
0.920949
1.26791
0.98193
0.911732
1.11494
1.34545
1.10983
0.913077
1.08418
1.24251
1.36548
1.25153
1.5225
0.910205
1.31581
0.958161
1.32188
1.07614
1.14831
1.21837
1.3714
1.03015
1.13932
1.18967
1.12613
1.56074
1.45068
1.27896
1.23522
0.908611
1.29609
1.22412
1.30537
1.18264
1.20205
1.10496
1.39635
1.19088
1.31918
1.26363
1.45082
1.39712
1.23556
1.08542
1.05552
1.37359
1.16029
1.10991
1.49013
0.92712
1.34508
1.70106
1.0267
1.20041
1.2372
0.930639
1.32457
1.10028
0.95633
1.22531
1.45678
0.732154
1.0357
1.41858
1.35718
1.08531
1.22467
1.17026
1.58145
1.27275
1.05503
1.15184
1.19846
1.07566
1.18127
1.26502
1.06511
1.0834
1.22129
0.839404
1.59433
1.25355
0.681338
0.837467
1.37355
0.520912
0.563957
1.24793
1.59774
1.10309
1.20996
0.749772
1.48281
1.33669
1.28414
0.724487
1.4522
1.04431
1.09152
1.2152
1.34145
1.35119
1.19959
1.62935
0.874429
1.10185
1.04176
1.09327
1.17237
0.766457
1.31118
1.43366
1.13962
1.36958
1.72629
1.28827
0.884875
1.39593
0.770676
1.38218
0.982005
0.947927
1.19734
1.3103
1.22323
1.38095
1.12281
1.44617
1.36153
1.16178
1.2432
1.48204
0.909337
1.85331
1.1645
1.12676
1.05587
1.51682
1.41638
1.30668
1.28485
0.719337
1.70825
1.54503
1.41864
1.23745
1.09065
1.09451
0.69846
1.29533
1.39721
1.29838
1.22762
1.28583
1.0564
1.37338
1.59112
1.11318
1.61134
1.60872
1.12625
1.51842
1.25321
1.40562
1.02232
1.46663
1.12748
1.25386
1.43594
1.12635
1.27084
1.40471
1.06133
1.31136
0.998982
0.922134
1.30544
1.24962
1.13522
1.07969
1.05695
1.28017
1.25113
1.35826
1.01689
1.2947
1.38663
1.4006
1.21755
1.6075
0.988741
1.50765
1.17987
1.44804
0.903152
1.44709
1.50971
1.23471
1.59829
1.06967
1.1546
0.912221
1.69017
1.79324
1.7019
1.77977
1.27018
1.51674
1.4275
1.38266
1.54857
1.96507
1.36297
0.870883
1.75826
1.06447
0.989553
1.43498
1.37024
1.41252
1.07017
1.64975
1.31978
1.25988
1.63252
1.77339
1.71264
1.54821
1.15616
1.95234
1.47798
1.31105
1.64634
1.02027
1.99356
1.04301
1.32577
1.71406
1.51076
1.16579
1.42128
1.60567
1.75982
1.537
0.911384
1.23641
1.26689
1.45682
1.19217
1.34462
1.27936
1.15909
1.26356
0.67969
1.15941
1.43636
1.12901
0.91382
1.08769
0.937541
0.957668
1.35546
1.16645
1.15186
1.06221
1.15086
1.05012
1.15928
1.41323
1.35134
1.39604
1.51807
1.20938
0.869065
1.29015
0.944544
1.16988
0.516601
1.08731
1.31884
1.02634
1.44601
0.792499
0.913478
1.32334
1.29096
1.05818
0.783172
1.30923
1.18251
0.98646
0.9739
0.788718
1.23203
1.33611
1.20216
1.1002
1.27416
1.56352
0.996127
1.31011
1.10524
1.11276
1.07279
0.528996
1.12219
1.14427
1.10368
1.09389
1.11859
1.06276
1.26522
0.926204
1.18612
1.45078
1.27114
0.821499
0.962791
1.06099
0.97786
0.939879
1.24194
1.60681
1.34439
0.949258
1.11268
1.15981
0.780496
0.962861
1.12737
1.21484
0.665364
1.20583
1.21011
1.15883
1.39826
1.37852
1.21992
1.10447
0.826861
1.37782
1.2548
0.895901
1.14427
0.704509
1.57203
1.08369
0.773919
0.803296
1.27571
0.976952
0.897145
1.10704
0.933791
1.35003
1.16166
0.912508
1.08846
1.15692
1.30483
1.48131
1.34843
1.23801
1.16293
1.42335
1.47812
1.18726
1.35562
1.56697
1.5523
0.713403
1.03641
1.30507
1.2209
1.1118
1.39474
1.77443
1.58519
1.24216
1.22347
1.46237
0.99112
1.26797
1.32002
1.35468
1.03498
1.22642
1.52384
1.4141
1.48593
1.62505
1.26893
1.2686
1.10008
1.50114
1.45482
0.94785
1.10423
0.96837
1.71284
1.22172
1.00608
0.98252
1.5664
1.16775
1.1659
1.1039
1.03076
1.69497
1.46379
0.928745
1.3194
1.41804
1.47902
1.68209
0.947514
1.05607
0.931959
0.904868
0.737254
1.55445
1.57232
1.54162
1.57774
1.0899
1.44982
1.25547
1.30499
1.1042
1.841
1.34792
0.905998
1.49323
1.08654
1.17538
1.12293
1.47007
0.903446
1.17623
1.28767
0.921205
1.08164
1.42564
1.17329
1.44983
1.539
1.11181
1.89087
1.03407
1.02685
1.68121
0.813896
1.55224
1.18256
1.25754
1.29759
1.40962
1.15368
1.455
1.21225
1.45397
1.50758
0.900926
1.12203
1.62502
1.12722
1.41341
1.30766
1.52075
1.32011
1.59353
1.35523
1.47259
0.929537
1.29233
1.49192
1.60717
1.12951
1.18526
1.09939
1.56283
1.40422
1.63525
1.37785
1.62248
1.52205
1.13853
0.792144
1.19853
1.51222
1.03644
1.41043
1.25978
1.08247
1.78845
1.49365
1.25662
1.1743
0.879527
1.07622
1.14111
1.43014
1.34669
1.25063
1.43596
1.22877
0.989185
1.21205
1.3752
1.0381
0.954976
1.61048
1.60037
0.948366
1.12306
1.48347
1.216
1.30245
1.27698
1.36625
1.68277
1.30462
1.22388
0.786026
1.60299
1.09556
1.17393
1.26571
1.17606
1.35468
1.20481
1.37292
1.27507
1.0494
1.22784
1.18323
1.43957
1.31313
1.29988
1.20286
1.51255
0.94275
1.31589
1.66504
1.2987
1.10923
1.84061
1.37523
1.16154
1.60016
1.32472
1.84003
1.26222
1.30117
1.27405
1.59289
1.12425
0.983092
1.39561
1.43869
1.56046
1.15802
1.27385
1.56601
1.35261
1.47382
1.47096
0.96292
1.08746
1.12577
1.3698
0.572032
0.568373
1.17062
1.28839
1.15233
1.29497
1.01726
1.32012
1.32528
1.00478
0.972077
1.37327
1.22748
1.18644
1.26772
1.49925
1.0183
1.00309
1.43604
0.787221
0.97639
0.81385
1.05826
1.21623
1.01773
1.40109
1.20193
0.91872
1.19425
1.65783
1.21015
0.872973
1.30082
0.93404
1.11408
0.949755
0.696571
1.14265
1.45354
1.1672
1.03145
1.24578
1.61709
1.16228
1.23948
1.23741
1.12251
1.13963
1.35238
1.21168
1.15628
1.10659
1.25377
1.12334
1.02213
1.11333
1.37495
1.21794
1.19769
1.00749
1.29376
1.12693
1.21157
1.00145
1.20709
1.52923
0.96435
1.40413
0.871386
1.29198
1.00002
1.23035
0.947173
1.09322
0.995595
1.11069
1.45954
1.39095
1.41439
1.13446
0.897172
1.35653
1.08675
1.15317
1.17417
1.16205
1.02931
1.15936
1.32595
1.42794
0.631304
1.10341
1.44928
1.1365
1.14663
1.72184
0.622916
1.4012
1.13216
1.5668
1.55794
1.45205
1.63258
1.4671
1.46136
1.2657
1.19203
1.60015
1.83919
1.37998
0.987931
1.44148
0.672544
1.13711
0.960402
1.2977
1.08328
1.11249
1.60347
0.979941
1.18665
1.79327
1.00193
1.51616
1.69663
0.917331
1.90634
1.00412
1.23429
1.75242
1.1354
1.63046
1.39355
1.31737
1.30935
1.07289
1.18631
1.23176
1.40959
1.21815
1.34787
0.853808
1.14814
1.53329
1.24644
0.553011
1.3016
1.69546
1.26405
1.49963
1.02932
1.56301
1.55305
1.245
0.990761
1.57436
1.06355
1.10423
1.34677
1.43762
1.25155
1.26654
1.64809
0.943741
1.04671
1.22555
1.18352
1.26597
1.00317
1.44986
1.58953
1.19377
1.41119
1.95069
1.46456
1.15087
1.57331
0.937263
1.41494
1.10229
0.986748
1.36942
1.49758
1.37622
1.31094
1.35678
1.72757
1.36213
1.23776
1.49135
1.37335
1.14617
1.28272
1.55152
1.17023
1.37512
0.731903
1.28548
1.12702
1.22005
0.828036
1.58311
1.19693
0.88535
1.39401
1.22808
0.997998
1.10003
1.42771
0.950705
0.873362
1.03518
0.930363
1.22691
0.970153
1.40943
1.34624
1.00138
1.15192
1.68972
1.18035
0.835716
1.44303
0.610062
1.48001
0.893034
0.822341
1.23193
1.32709
1.05693
1.19984
1.29683
1.46971
1.22131
1.0546
1.08662
1.16459
1.06701
1.38753
1.20156
1.22025
1.39236
0.999192
1.27167
1.02692
1.30465
1.32741
1.13364
1.20666
0.899088
1.37973
1.29549
1.01194
0.945876
1.17243
1.06194
1.00256
1.57824
1.26101
1.17384
1.50331
0.953289
1.42146
1.65285
1.42243
1.702
1.12839
1.55414
1.38337
1.11562
1.39482
1.09727
1.15451
1.5273
1.75903
1.12991
0.80483
1.39439
1.47315
1.55992
1.40416
1.21315
0.942969
1.23126
1.45101
1.73632
1.34362
1.35168
1.11083
1.62872
1.04549
1.595
1.67238
1.49688
1.62842
1.48675
0.820452
1.29007
1.246
1.4666
1.09909
1.36352
1.12126
1.67634
1.41439
0.926813
1.38939
1.26473
1.10154
1.04357
1.2576
1.24978
1.58714
0.976191
1.23083
1.17147
1.33843
1.33681
1.26083
1.18287
1.38829
1.67812
1.06635
1.28067
1.3817
1.47619
1.22198
1.21622
1.32956
1.50745
1.36754
1.2611
1.27313
0.730394
1.04473
1.50759
1.21562
1.40684
1.61335
1.01009
1.62468
1.13897
1.24579
1.21119
1.16746
1.21001
1.07286
1.29573
1.38767
1.04691
1.39636
1.35102
1.21938
1.13128
1.21308
1.30314
1.17918
1.03879
0.887988
1.28853
0.767634
1.20814
1.18519
1.44823
1.49226
0.714385
1.19881
1.42362
1.37021
0.863251
1.24302
1.47719
1.46931
1.02512
1.45932
1.34357
1.36013
1.51091
0.906607
1.59957
1.35703
1.22585
1.52436
1.3375
1.13851
1.28405
1.60171
1.31688
1.39034
1.51724
1.38139
1.18909
1.25441
1.38822
1.5393
1.11469
0.833082
1.2046
1.47796
1.24166
0.911098
0.892276
1.3711
1.26668
1.09035
1.12066
1.1155
1.50862
1.5217
1.28508
1.41559
1.26616
1.50798
1.21461
1.4991
0.723739
1.77818
1.4961
0.935409
1.59061
1.3933
1.26199
1.37114
1.5567
1.35019
1.02374
1.16015
1.44355
1.52778
0.790867
1.62513
1.38158
0.999394
1.4065
1.55228
1.36148
1.02384
1.4384
0.56376
1.81587
0.977512
0.977345
1.39344
1.48152
1.16666
1.51642
1.25723
1.22016
1.63249
1.28677
1.17372
1.4913
1.20504
0.670511
1.29171
1.34143
1.63819
1.58073
1.25808
1.38809
1.46993
1.17777
1.01023
0.839095
1.42795
1.18943
1.03251
1.30344
1.20486
1.59407
1.67192
0.894956
1.5189
1.46256
1.20988
1.55608
1.0784
1.69043
1.31527
1.40316
1.47278
1.27954
1.11407
1.69947
1.60151
1.26195
1.17676
1.55165
1.43578
1.52485
1.18092
1.18003
1.1365
1.49189
1.09849
1.67026
1.64319
1.16154
1.56402
1.28746
1.29989
1.01797
1.09151
1.37294
1.26049
0.983219
1.07781
1.27449
1.42366
1.52399
0.896947
1.42763
1.36443
1.13307
1.18876
0.872856
1.66076
1.09003
1.55348
1.30611
1.26728
1.19473
1.44536
1.32182
1.4517
1.22423
1.30803
1.38271
1.30975
0.872362
1.3949
1.02925
1.61895
1.29929
1.11753
1.24263
0.832329
1.28884
0.84679
0.783363
1.06299
0.970328
0.817933
1.27245
1.36766
0.994137
1.59708
1.263
1.22675
1.28817
0.914323
1.5897
1.35978
1.16722
1.09726
1.25596
1.09686
1.18753
0.803227
0.943869
1.30214
1.24916
0.438363
1.10682
1.3655
1.20435
1.20454
1.31354
1.03308
1.22691
1.68033
1.55015
1.14161
1.60368
1.58291
1.52507
1.24932
1.62799
1.28104
1.25249
0.953178
1.26911
1.43763
0.775339
1.47568
1.26687
1.15819
1.60995
1.47634
1.3295
1.08778
1.71653
0.81201
1.52719
1.25551
1.13881
1.29106
1.60219
1.43194
1.64853
1.2253
1.44678
1.55381
1.41409
1.40145
1.69277
0.981486
1.12454
1.89243
1.2722
1.73698
1.84965
1.23196
1.72282
1.32066
1.59611
1.32836
1.47824
1.1788
1.41498
1.61599
1.47437
1.36255
1.63021
1.36896
1.52128
1.34713
1.11259
1.74205
1.07681
1.18544
1.19618
1.51915
1.11232
1.46793
1.31733
1.56794
1.91223
0.862755
1.44214
1.63521
1.47517
1.10384
1.32081
0.925769
1.10446
1.53594
1.26989
1.50196
1.03055
1.24842
1.49422
1.35548
0.918727
1.2875
1.43046
1.65416
1.57992
1.5169
1.84718
1.63554
1.22211
1.38542
1.4097
1.37723
1.11931
1.23339
1.47542
1.04026
1.50453
1.27653
1.23976
1.69396
1.21972
1.11478
1.45696
1.37295
0.899872
1.4845
0.839919
0.949091
1.11361
1.01333
1.29484
0.730674
1.40414
1.40343
1.22816
1.31284
1.41023
1.32756
1.42912
1.2454
1.64621
1.38405
1.22797
1.7054
0.726813
1.76405
1.17933
1.15525
1.37724
1.43438
1.33522
1.33508
1.08618
1.1614
1.61811
0.990858
1.23834
1.39188
1.09566
1.3742
1.4201
1.08704
1.39167
0.963664
1.22816
1.32181
1.44182
1.10433
1.51361
1.24147
1.41107
1.61439
1.4427
1.77426
1.64993
1.13776
1.35127
1.46679
1.08064
1.488
1.1692
0.902312
1.32762
1.64256
1.0334
0.932758
1.35266
1.43866
1.51549
1.40088
1.42776
1.07174
1.32673
1.13752
1.15037
1.1858
1.17383
1.61327
1.28895
1.10858
1.59271
1.22658
1.48238
1.78762
1.2833
1.80648
1.28974
1.22222
1.72061
1.22268
1.73219
1.26921
1.42541
1.52796
0.978302
1.36471
1.42369
1.1909
1.20176
1.48967
0.79988
1.11556
1.55982
1.03549
1.0809
0.981993
1.30137
0.629802
1.33352
1.42427
1.3654
1.64133
1.63833
1.28144
1.2231
0.898634
1.68784
1.44416
1.18863
1.40532
0.993618
1.64018
1.20537
0.897671
1.20278
1.63753
1.20764
0.790111
1.35701
1.41777
1.48919
1.29379
1.1848
0.861933
1.51289
1.00453
0.882123
0.922695
1.02199
0.962251
0.87388
1.45392
0.843189
0.886797
1.24733
0.927889
1.25051
0.860893
1.02934
1.37899
1.08847
0.885191
1.20676
0.862068
0.797606
1.08488
1.14581
0.83264
1.03434
1.16143
0.96059
0.99861
1.19688
1.29354
0.837701
1.42682
1.05067
1.28532
1.61693
1.23542
1.68631
1.64636
0.879365
1.64252
1.40042
1.35802
1.57605
1.25739
1.6508
1.40025
1.53067
1.39935
1.31137
1.37896
1.61408
1.61003
1.16479
1.03279
1.38933
1.60184
1.36031
1.20257
1.16819
1.25091
1.26652
0.980099
0.899455
1.06474
1.29249
0.940802
1.20951
1.4792
1.25853
1.84574
1.06298
0.798397
1.47577
1.24392
0.863424
1.21402
1.09397
1.10679
1.16723
1.33773
1.15515
1.02549
1.45534
1.20834
1.15084
1.11125
1.45582
0.965801
1.33056
1.37644
1.18516
1.33561
1.41429
1.31137
0.976857
0.926983
1.47305
1.38673
1.21732
1.29871
0.7275
1.54661
1.06654
0.631366
1.05037
1.35489
1.1291
0.748724
1.22131
1.17774
1.29751
1.10845
1.32664
0.965625
1.18444
1.21937
1.35009
1.00953
1.52271
0.641998
1.17895
1.52817
1.30622
1.26002
0.655965
1.42206
1.24046
1.00854
1.17096
1.03108
1.16187
1.56514
1.43538
1.32279
1.02906
1.53587
1.35308
1.511
1.03625
1.31908
1.05131
1.06809
1.55355
1.10869
1.43913
1.47849
1.11824
1.7449
0.868668
0.951563
1.63947
1.16914
1.26954
1.28451
1.22875
1.17676
1.14086
1.12106
1.33778
1.51602
1.63367
0.941191
1.05261
1.13945
1.5138
1.05767
1.56084
1.18448
1.35903
1.54801
1.10752
1.41821
1.22679
1.16532
1.3062
1.22576
1.22487
1.10317
1.19764
1.15313
1.10042
1.19662
1.18733
1.11368
1.55466
1.09197
0.802131
1.2991
1.44474
0.755676
1.72733
1.3644
1.09924
1.81106
1.56881
1.58644
1.08328
1.51362
1.14475
1.56213
1.0445
1.10787
1.59036
1.48416
1.53192
1.63984
1.27479
1.60488
1.53319
1.49584
1.42864
1.54384
1.04852
1.50303
1.76649
1.2708
1.87397
0.976919
1.39821
1.82102
1.35579
1.17678
1.65914
1.38973
1.06651
1.1423
1.47674
1.41055
1.25274
1.18763
1.41106
1.19515
1.56296
1.97676
1.06231
1.40702
1.50238
1.09307
1.26299
0.941676
1.54117
1.37878
1.13755
1.33447
1.18931
1.22121
1.58262
1.52503
1.30541
0.939401
1.35226
1.48478
1.49342
1.06596
1.38274
1.11806
1.24386
1.30526
1.38466
1.25632
1.05543
0.998692
1.58136
0.919937
0.510801
1.33891
1.47675
1.01684
1.10402
1.64491
1.59987
1.16002
1.42947
1.49135
1.12038
1.40899
1.59435
0.95897
1.26418
1.1725
0.9958
1.58683
1.13897
0.920866
1.07747
1.2062
0.651263
0.858769
1.53724
1.32533
1.15977
0.923968
1.22836
1.296
1.4159
1.51097
1.46172
1.36646
1.49629
1.66793
1.33584
1.30385
1.48099
1.58692
1.43027
1.55087
1.50316
1.5749
1.44802
1.55405
1.52552
1.59008
1.27397
1.1182
1.50032
1.14868
1.36835
1.19399
1.18317
1.28905
1.04269
0.852805
1.38692
1.47592
1.33769
1.131
0.906109
1.15442
1.71968
1.17815
1.24421
1.0613
1.23874
0.956816
1.00313
1.11065
1.2229
1.15162
1.22591
0.995151
1.33442
1.24829
1.21767
0.509208
1.19766
0.963378
1.39898
1.60934
0.869328
0.916438
1.40222
1.30201
0.968393
1.10269
1.55238
1.64185
1.26523
1.36997
1.34296
1.23855
1.46885
1.68941
0.995078
0.83915
1.10231
1.36157
0.933673
1.25641
1.23723
1.12974
1.42399
1.01296
1.1747
1.38612
1.10388
1.57964
1.26033
1.12901
1.49851
1.70949
1.21872
1.24862
1.77102
1.19707
1.5999
1.60142
1.60851
1.12789
0.829694
1.517
1.0762
0.758652
1.21202
1.38824
1.58485
1.07823
0.854203
1.05567
1.09465
1.1049
0.970859
1.20533
0.904134
0.665564
1.28615
1.30277
0.981775
1.16129
1.24339
0.918789
1.13234
1.4632
1.35826
0.966104
1.07984
1.11074
1.36755
1.46924
1.3379
1.47402
1.13769
1.04965
1.32148
1.49553
1.36004
0.93076
0.82439
1.27906
1.58102
0.980307
1.18938
1.63281
1.44512
1.06913
0.820783
1.128
1.36431
1.34599
1.3872
1.44245
1.04508
1.30476
1.36929
0.815804
1.35626
1.08775
1.7213
1.38428
1.16382
1.61534
0.874281
1.8116
1.43139
1.29873
1.82561
1.29585
1.10036
1.45704
1.2053
1.13539
1.20243
1.49215
0.976732
1.29573
1.2196
1.52707
