13.4411
13.1669
13.2989
13.7476
13.3508
13.1502
13.2996
13.3983
13.4678
13.3756
13.1816
13.3603
13.2307
13.2322
13.5646
13.631
13.516
13.412
13.4373
13.4422
13.3285
13.4045
13.3713
13.4041
13.2656
13.1046
13.2064
13.3579
13.6742
13.8737
13.4188
12.8608
13.0787
13.5102
13.2924
13.331
13.3281
13.5287
13.3818
13.1043
13.4733
13.1697
13.3703
13.6859
13.5948
13.3959
13.1907
13.7042
13.0466
13.1316
13.1553
13.1314
13.4445
13.3099
13.1064
13.1244
12.8759
13.3929
13.6053
13.0225
13.4408
13.4543
13.1731
13.2001
13.5598
13.3409
13.2307
13.2631
13.6864
13.3408
12.8694
13.0469
13.3844
13.4369
13.139
13.1635
13.1968
13.0131
13.4967
13.4282
13.1219
13.7665
13.0592
13.1936
13.1442
13.9871
12.9745
13.5818
13.3424
13.4643
13.5497
13.2963
13.5355
13.4594
13.2449
13.5436
13.7931
13.7523
13.6107
12.6385
12.8365
12.8903
13.0255
13.2381
13.1361
12.8575
12.7919
12.7673
12.731
13.2171
13.266
12.5218
12.6634
13.27
12.8357
12.6521
13.0945
12.9855
13.0832
12.9013
12.6462
12.7232
13.1968
13.245
12.9587
12.9335
13.0002
12.7754
12.3995
13.0342
12.7611
13.0787
12.5681
12.8197
12.9899
13.3507
13.0064
12.7386
12.9097
12.6543
13.2521
12.932
12.8338
12.9944
12.7432
13.1283
12.9599
13.2544
13.1359
12.8201
12.6829
13.0614
12.6274
13.1717
13.0774
12.6121
13.1782
12.7264
12.7596
12.8049
12.941
12.649
12.7343
12.6398
13.0359
12.6489
12.9074
12.8979
12.9679
13.0763
13.2238
13.0744
12.9811
13.449
13.5454
12.9562
12.5529
12.5804
13.2495
12.7277
12.8472
13.0866
13.0743
12.618
12.5143
12.4719
13.2241
12.7472
12.9186
13.1677
12.9483
12.9858
12.8677
12.947
13.0485
12.7484
12.5963
12.9117
12.7557
12.983
12.6447
12.8762
12.9599
12.9018
12.5818
12.9151
12.7455
12.8755
12.8685
12.6669
12.5277
12.6254
12.7894
12.7333
12.2707
12.475
12.5665
12.5131
12.4736
12.5102
12.4293
12.5829
13.0693
12.6206
12.7292
12.9362
12.767
12.7425
12.7277
12.3358
12.5491
12.8711
12.6352
12.4238
12.5688
12.4234
12.716
12.6098
12.6869
12.6855
12.7422
12.8394
12.7869
12.3518
12.9658
12.5449
12.5327
12.724
12.3024
12.7018
12.4379
12.8337
12.7497
12.5142
12.6259
12.6704
12.8638
12.7111
13.0708
12.7405
12.6121
12.6331
12.7017
12.5183
12.6301
12.6047
12.5644
12.7089
12.5488
12.7713
12.4257
12.9229
12.6903
12.7974
12.6911
12.4253
12.5128
12.6845
12.7101
13.1316
12.7165
12.4951
12.7176
12.4841
13.0645
12.6792
12.8666
12.576
12.2137
12.4027
12.7922
13.071
12.8068
12.7664
12.6746
12.9285
12.8827
12.9679
13.2295
12.7448
13.0468
12.8958
13.0496
12.8597
13.0111
12.7876
13.0935
12.9954
12.6466
12.9471
12.845
13.16
12.7174
12.7066
12.7316
13.219
12.9291
13.2817
12.9588
12.934
13.3179
12.5706
13.0962
12.9853
12.5575
12.7567
12.8689
12.9626
13.0072
12.7605
13.014
13.1164
13.0025
12.794
13.1461
12.7545
12.7637
12.8869
13.2407
12.7563
12.9699
12.8112
12.7301
13.1538
12.815
12.7208
12.9472
13.2671
12.854
13.024
13.0268
13.1291
12.9052
12.9911
12.9341
12.592
12.7198
12.7844
12.4439
12.833
12.9149
12.5984
12.6442
12.8157
12.4954
13.0199
13.0619
13.1067
13.0601
12.2387
12.6046
12.8138
12.8732
12.9866
13.2439
12.8819
12.9308
12.7041
12.9338
13.1289
12.7682
12.9728
13.247
12.6024
12.8607
12.5842
13.1808
12.7034
13.0565
13.2793
12.6735
13.0046
13.2674
12.7031
13.0224
12.9805
13.0027
13.3097
12.8263
13.2848
13.085
13.1142
12.904
12.6911
13.2338
13.0107
12.9937
12.7139
13.3571
12.7186
13.0017
12.6678
12.887
13.0266
12.9673
12.9959
12.957
12.817
13.1143
13.0309
13.42
13.129
12.675
13.1065
13.0358
12.9209
13.2919
12.8173
12.6943
13.2818
13.0916
13.0306
13.145
12.6648
12.7566
13.0745
13.0271
13.3579
13.0463
12.6571
12.5643
12.6537
13.3061
13.2014
13.0839
13.1391
12.7084
13.2276
12.8188
12.709
12.5094
12.876
13.0032
12.8093
13.1007
12.7203
12.6934
13.0165
13.0449
12.9653
13.2049
13.1659
12.8882
13.1834
13.0074
12.7066
12.6191
12.9981
13.1134
13.2016
13.2011
13.1691
12.6158
13.198
13.0226
13.1187
13.4023
13.3092
12.6497
12.9879
12.6618
12.7324
13.0551
12.9586
12.8814
13.4209
12.933
12.9395
13.1738
12.8195
13.0954
13.3423
12.9371
13.1607
12.6709
12.9886
13.3067
13.3885
12.9054
13.2936
12.8538
12.8177
12.8767
12.785
13.3175
13.1886
13.0905
13.0188
13.3419
13.3492
12.6446
13.2509
12.9382
13.0256
12.7609
13.0889
13.1222
12.9565
12.8437
12.979
13.1681
12.9221
12.9521
12.764
13.0033
12.9083
13.1535
12.8154
12.755
12.728
12.8143
12.9264
13.1693
13.0677
13.2538
12.9412
13.3975
12.9578
12.7141
13.0909
13.2588
13.0499
12.9276
12.9533
13.4481
13.3759
12.9878
13.4267
13.0653
13.0365
12.9835
12.9667
13.2229
12.9207
13.0398
12.9102
13.047
12.8933
12.937
13.1808
12.8957
12.591
12.9133
12.8867
13.4461
13.416
12.8953
12.918
13.0706
12.9506
13.0093
12.984
12.9877
13.101
13.0866
13.433
13.1495
12.8398
12.784
13.1453
12.892
12.8508
12.9523
12.931
13.2531
12.8989
13.1619
13.0796
13.032
12.8983
12.8179
13.22
12.8163
13.2565
12.7079
12.6649
12.9352
13.2322
13.0642
12.459
13.0294
13.0256
13.1359
12.724
13.0844
12.6822
13.1082
12.7071
12.8713
13.3993
13.2423
13.0931
13.0831
12.838
12.846
12.9346
13.3263
13.2569
13.1855
12.9431
12.6752
13.0723
12.9628
13.3895
13.0206
12.7988
12.8514
12.9288
12.807
13.1395
12.9625
12.899
13.2248
12.9515
12.822
12.7411
13.1027
12.9377
12.9497
13.5588
12.6709
13.3533
12.6678
12.9793
13.0665
13.0646
13.0189
13.0889
13.2633
13.1982
12.8045
12.6688
12.8433
12.7521
12.817
12.9282
13.309
13.0611
13.2942
12.7237
13.0979
13.1199
13.0643
12.9079
13.2474
13.2968
13.021
12.614
12.947
13.1428
12.8851
13.2044
12.5138
13.0067
12.5554
12.9618
13.1948
12.6677
13.2349
13.3168
13.0398
12.8615
13.2654
13.097
12.4494
13.0124
12.7908
12.6514
13.0894
13.4425
12.9846
12.4714
12.7688
12.9094
13.7702
12.9434
13.379
12.9638
13.4328
13.0087
13.2505
13.207
12.7875
12.8487
12.9385
13.0103
13.0329
12.8594
13.1846
12.8854
12.8793
13.1067
13.1101
12.9567
13.018
13.1298
12.8425
12.8199
13.088
12.8689
13.0728
13.3262
12.9872
13.3029
12.8156
13.6104
12.907
12.9526
13.2291
12.9359
13.0108
13.0725
13.0463
13.1078
12.7455
13.2128
12.8683
13.1842
12.7145
12.8513
13.2228
13.0592
13.0567
13.2043
12.9884
12.9451
12.8268
13.0318
13.279
12.7928
13.3528
12.7352
13.2494
13.0297
12.9068
12.8441
13.144
13.0909
12.9299
13.0617
12.6522
13.0454
13.1533
13.1608
12.1772
12.2435
12.7037
13.0706
12.7956
13.0724
12.6663
12.7307
13.0313
12.6462
13.0403
12.5005
12.6247
12.5056
12.9788
12.3529
13.027
13.0762
12.9786
12.5352
13.1687
13.0381
12.7049
12.9762
12.8114
13.0419
12.9696
13.0412
13.1598
12.9978
13.1489
13.1529
12.7226
12.6797
12.8878
12.5091
12.9729
12.7174
13.2407
13.1973
12.7477
12.5417
13.2259
12.9597
12.6661
12.8343
12.7054
12.9842
13.0725
12.747
13.1064
13.0741
12.7789
12.9846
13.0906
12.823
12.5822
13.2652
13.0164
13.0281
12.8231
12.7465
12.929
13.1809
13.3887
12.7279
13.0917
13.0114
12.8106
12.764
12.9011
12.716
12.6758
13.064
12.955
12.9389
12.8971
12.9553
12.8501
12.7167
12.6491
12.6308
12.9147
13.0854
12.5343
12.9166
12.5404
13.0183
13.4185
12.8551
12.8227
12.9946
12.8762
13.2829
12.76
12.9407
12.7712
12.799
12.6944
13.1004
13.377
12.9388
12.6463
12.7163
12.741
12.5279
13.0896
12.5293
12.856
12.9471
13.0266
12.4674
12.9311
12.7487
12.4469
12.8453
12.9035
12.5589
13.1567
13.2627
12.6883
12.8393
12.3627
13.0515
12.4762
13.2589
12.8034
12.6833
13.0801
13.033
12.6859
12.7814
12.9556
12.9655
12.8268
12.7893
12.8741
12.849
12.9858
12.4721
13.091
12.7671
12.7964
13.1718
12.8213
12.8501
12.4805
13.1938
13.5941
12.7089
12.6405
12.9921
12.591
13.061
13.0876
12.8911
12.8157
13.0249
13.0423
12.9421
12.5437
12.6475
12.6721
12.9412
12.8732
12.7157
13.0396
13.0732
12.5677
12.9568
12.8429
12.8025
13.1747
12.9623
12.4992
12.7745
12.928
13.0798
13.0428
12.6778
13.1706
13.0579
13.1967
12.8627
12.8902
12.8447
12.9846
12.8786
12.9402
13.041
12.8761
13.0475
12.4316
12.5065
12.627
13.2663
13.0364
12.4672
13.1831
13.0979
13.218
12.7177
13.4411
13.1344
12.8755
12.687
12.9275
12.8948
13.0087
12.7433
12.5542
12.8478
12.8835
12.6965
12.7382
12.8833
12.6868
12.8331
12.9363
12.9967
13.0623
12.6628
13.0598
12.9835
13.0562
12.7189
13.1232
13.2742
12.8428
13.0261
13.2362
12.9977
12.8805
12.909
13.0238
12.7709
12.684
13.1625
12.6729
12.862
12.6526
12.7632
12.95
12.9529
13.259
12.7167
13.3573
12.9451
12.5401
12.9853
12.4173
12.8927
12.9148
12.885
13.2485
13.1365
12.8687
12.837
13.3018
13.0395
12.8296
13.0024
12.9302
12.9727
12.6246
12.9309
13.0417
12.8455
13.1964
13.0653
12.9824
12.9992
13.0337
12.5908
12.948
13.1699
12.9115
12.83
12.7203
12.9458
13.1414
12.8073
12.7241
13.3408
12.8118
12.9733
13.1164
13.007
13.289
12.6565
12.8557
12.9566
13.067
13.0507
13.0023
13.2336
12.8779
12.7188
13.3901
12.8535
13.1624
12.8439
13.2334
12.953
13.0162
13.0477
12.8459
13.0393
13.3035
13.0809
12.8198
13.1592
12.9089
13.0082
12.8205
13.2552
12.5464
13.2181
13.0983
13.1131
13.0233
12.7399
13.0106
13.2735
13.4316
13.1133
12.9353
13.1362
13.3728
12.965
12.828
12.8482
13.0997
13.0137
12.9267
12.9443
13.0436
13.0332
13.1502
12.9621
13.0715
12.9135
13.103
12.7305
13.0434
13.2228
12.9915
13.1581
12.9838
13.139
13.0118
12.9643
12.7592
13.1938
13.3189
13.3507
12.9407
12.8529
13.0279
13.1805
12.8859
13.0095
13.1765
13.002
12.7649
12.5298
13.2265
13.1749
12.8021
13.21
13.2332
12.8265
13.3926
13.0478
13.1216
13.4033
12.8272
13.5315
13.272
13.387
12.928
13.4003
13.0221
13.0606
12.7824
12.7018
13.0693
12.8927
13.1698
12.8572
12.5619
12.6154
12.8396
12.9235
13.073
13.4031
12.7918
13.4293
12.7216
13.1756
12.9204
13.5267
13.0852
12.5854
12.7824
13.0629
13.2576
12.8473
12.614
12.7752
13.0126
13.0306
12.9021
12.7745
13.0709
13.0384
12.7225
12.8075
13.1471
13.1418
13.1717
12.5746
12.7377
12.9881
13.1117
12.7684
13.1785
12.7827
12.8031
12.707
13.1109
12.6961
12.6813
13.1336
13.3316
13.0351
13.3047
12.9968
12.972
12.738
12.7753
12.7553
13.2245
13.1743
13.0007
12.8762
13.138
13.0216
12.8335
13.0084
13.1492
12.9517
12.9481
13.3393
12.8362
12.8214
12.9948
12.6704
13.0607
12.9944
12.7893
12.7861
12.7048
12.6787
12.6281
12.9937
12.7731
13.1741
13.1419
12.7102
12.7622
12.9678
12.7908
12.6785
12.8456
13.0971
12.9201
13.1226
12.8614
12.4073
12.6671
12.8413
13.0413
12.7078
12.9588
12.8628
12.9118
12.8174
12.9126
12.7901
13.364
13.1429
13.0222
12.8704
12.5747
12.8335
12.6526
13.4385
12.7483
12.87
13.2709
12.2446
12.7893
12.6865
12.9784
12.7755
12.4863
13.1612
12.9843
13.0709
12.8116
12.8848
12.36
13.0716
12.7333
13.1054
13.0816
12.331
12.3013
13.2539
12.8425
13.1572
13.0969
13.1427
12.501
13.2092
12.6442
12.7721
13.0294
13.0262
12.9763
12.8245
13.1873
12.7347
12.864
13.3009
13.1661
12.97
13.143
12.8891
12.8186
13.0774
12.5479
12.9655
13.3301
13.1536
13.1796
12.9139
12.8694
12.5155
12.8023
12.8725
13.2095
13.4156
13.1688
13.0918
12.5253
13.163
12.965
13.3093
13.1289
13.204
12.9267
12.6592
12.9185
12.8942
13.1501
12.8988
12.8292
12.983
13.0272
13.0837
13.2195
13.1697
12.888
12.9698
12.6141
13.189
12.983
12.8528
12.7776
12.7763
13.1244
13.001
12.8648
13.2142
13.4644
12.8615
13.1615
12.8834
13.1359
12.9699
12.9404
13.6448
12.6729
12.9065
13.0095
12.9174
13.1405
12.963
13.1872
13.0809
12.8404
13.1355
13.3684
13.2082
13.0606
12.9273
12.7742
12.9077
13.1366
12.9388
13.6436
13.3642
12.6242
12.8429
12.8239
12.9969
12.8735
12.9907
12.8832
12.8633
12.7047
12.528
12.8335
12.5619
12.9246
12.9767
13.4107
12.5195
13.0586
12.4744
12.7747
13.0492
12.7697
12.8184
12.5171
12.7237
13.099
12.7243
12.7875
12.7862
12.5989
12.7201
13.0235
12.6496
12.6365
13.1903
13.0618
12.795
12.9857
12.8468
12.6024
12.9244
12.8226
13.043
13.0471
13.1504
12.8836
12.7554
12.6562
12.639
13.0124
12.5746
13.0953
13.2542
13.1426
13.1187
12.6111
12.7497
12.8502
12.8429
13.1375
13.2765
12.8104
13.332
13.2151
12.6463
12.5784
12.6083
12.3183
12.4367
12.7365
12.8684
13.0958
12.9181
12.9864
12.8937
12.6461
13.1618
12.4099
12.9887
12.9167
12.6388
12.4717
13.1381
13.0896
13.2747
12.9757
13.095
13.1503
13.1458
12.9587
12.6653
12.8794
12.9203
12.3378
13.0631
13.5607
13.2794
12.9884
12.8942
12.7146
13.6073
12.6526
13.0287
13.1023
12.9351
13.0784
13.0782
13.0015
12.9007
12.4315
13.1025
12.4434
12.6869
12.6299
13.2557
13.3232
12.8887
12.78
12.8338
12.4965
13.2255
13.0021
13.2126
12.9187
12.9096
12.9315
13.1404
13.085
12.909
13.1585
12.7287
13.2926
12.6642
12.6913
13.1761
12.9166
12.9898
13.1014
13.0051
13.0381
13.2891
12.9587
12.695
13.0417
13.0018
12.8756
13.3687
12.7993
12.9146
13.3103
12.6562
12.3581
13.2361
12.9966
13.022
13.1006
12.8873
12.8209
13.0321
12.7045
13.1792
13.0239
12.7611
12.8035
12.7387
13.1528
13.2305
12.9738
12.6407
13.2063
13.1673
13.1669
12.862
12.846
13.0421
12.6799
12.9971
13.009
13.0597
12.9302
13.2822
12.9693
12.9113
12.6033
13.1392
12.6264
12.5927
13.1917
12.8986
13.2918
13.4094
12.8933
12.9658
12.7344
12.7602
12.6199
13.0806
12.9009
13.0373
13.0597
13.3496
12.6703
13.0104
12.7724
12.9855
12.9419
12.9391
12.8362
12.943
13.3149
12.8991
13.2465
12.9358
13.1978
13.1181
12.6701
12.6473
12.8976
13.0274
12.9039
13.3224
12.7296
13.1611
12.8215
12.773
12.5328
12.8974
13.0335
13.6082
12.972
12.3611
12.9088
12.8095
12.5443
13.0494
12.8207
13.058
12.9539
13.123
12.9264
12.816
12.9321
13.2664
12.6936
13.3166
13.0036
12.9824
12.9518
13.0956
13.066
12.8904
12.9989
12.972
12.7977
12.9415
12.9045
12.87
12.676
12.9605
12.6378
12.8356
12.9672
12.6245
12.9106
12.7967
13.2109
12.7879
13.3019
12.8794
12.9235
12.8728
13.0312
13.0056
12.2869
13.0993
12.6129
12.6804
12.9088
13.3539
12.9648
13.0874
12.5524
12.2358
13.1703
12.9515
12.7618
12.3577
12.889
12.8001
12.7894
13.221
12.542
13.0299
12.4474
12.9533
12.6475
13.055
12.9097
12.6095
13.0257
13.0776
12.8208
12.9207
12.7072
12.684
12.5424
12.8069
12.8472
12.9249
13.2439
12.8941
13.1274
12.8625
12.5489
12.9597
13.1341
12.8422
12.7553
13.1429
12.8741
12.7742
12.7427
13.2344
12.7946
13.1377
13.2615
12.6897
12.653
12.8085
12.8667
12.9271
12.6928
13.095
12.789
12.9842
12.705
12.7423
13.0062
12.8936
12.8491
13.0691
12.6568
12.9289
12.9735
12.5433
13.4123
13.2478
13.2785
12.6902
13.1218
12.7986
13.0092
12.9452
12.5296
12.849
12.91
12.9592
13.1372
12.675
13.1726
12.6453
13.1104
13.0233
13.2447
12.9069
12.9788
12.9748
13.0761
12.7713
12.8775
13.2913
13.1671
12.982
13.3039
13.0392
12.6961
13.1056
12.7172
13.1605
13.3018
13.0505
12.9465
12.957
12.8953
12.9288
13.3807
12.9789
13.17
12.6174
12.8743
13.0974
12.9646
12.7622
12.5765
12.8236
13.2082
12.8477
12.8041
12.7729
12.8558
12.9295
12.8705
12.8209
13.0925
13.1006
13.1033
13.0866
12.6046
12.7848
12.8216
13.1762
13.0899
12.8755
12.327
13.5089
12.865
12.6575
12.6539
12.9837
13.1433
12.9296
13.0634
12.9294
12.6965
12.6145
12.8489
12.9789
13.1709
12.96
13.1357
12.8254
12.6513
12.7511
12.8315
12.5873
13.1678
12.979
12.7767
12.3617
12.8194
12.8189
12.7633
12.7724
12.6252
12.7492
12.5356
12.7368
12.4055
12.5564
12.8601
12.6516
12.8003
12.8759
13.0002
13.0395
12.5738
13.0169
12.7226
13.0141
12.9274
12.8111
13.002
12.8214
12.7084
12.6939
13.0816
12.9442
13.1601
12.8917
12.8751
12.5291
12.778
12.4656
12.7583
12.8243
12.685
12.8806
12.7065
13.1018
12.8668
13.0893
12.8922
12.596
12.9377
13.0773
12.5595
12.343
12.6887
12.563
13.0714
12.8455
12.7912
12.983
12.5821
12.7745
12.8949
12.8861
12.6217
13.045
12.9988
13.0698
12.8553
12.8795
12.9005
12.6629
13.2132
12.8256
13.0982
12.7776
12.8349
12.9563
12.8063
12.7121
12.8973
12.5291
12.9242
12.675
12.4682
12.6095
13.2736
12.958
12.6602
13.0982
12.7334
13.0182
12.6247
12.4982
12.9504
12.9255
12.5165
12.6068
13.0473
13.0384
12.6492
13.2538
13.0284
12.9095
13.1892
13.0047
12.4245
12.8441
12.9599
12.8712
13.1397
12.6729
12.8802
12.9025
12.7555
12.7241
12.5872
12.9967
12.4449
12.5532
12.8969
13.0924
12.8651
12.6226
12.6926
12.9779
12.9574
12.6159
13.0825
12.719
12.6404
12.4968
12.9632
13.1784
13.1804
13.1019
12.5207
12.7099
12.931
13.1349
12.8122
12.3678
12.9304
12.9298
13.2981
12.7706
12.8492
13.0007
12.8419
12.5138
12.7337
13.0172
12.8035
12.8483
12.8744
12.7429
12.9077
12.8395
12.8162
13.3932
12.6592
12.9971
13.0808
12.5483
13.2737
12.8454
13.0242
12.8952
13.0194
12.7985
13.0257
13.2633
12.9312
13.3276
13.1292
12.9185
12.5635
12.8367
12.9054
12.8212
12.5796
12.5648
12.7306
13.1396
12.8687
12.7936
12.5397
13.0199
13.2655
12.5484
12.9845
12.8547
12.958
12.6026
12.7371
12.9025
12.7365
12.9396
12.6004
12.5702
12.9687
12.803
12.9428
12.8071
12.7289
12.9137
12.9508
12.8166
12.6799
12.2247
12.9191
13.0141
12.8782
12.8382
12.9739
12.9373
12.7177
13.0454
12.4517
12.5851
12.9743
12.1186
12.7803
12.7939
12.8583
12.7078
12.9432
12.5847
12.7954
12.791
12.6737
13.0557
12.5299
12.8415
12.8297
12.4952
12.4997
12.7295
12.9159
12.9293
13.1564
13.003
12.6646
12.8909
12.975
12.6587
12.6362
13.227
12.8807
12.5101
12.8877
12.6972
12.647
12.7652
12.6353
12.8169
12.756
12.7351
12.8069
13.0261
12.9065
12.5329
12.7959
12.7037
12.8434
12.8998
12.8247
12.8973
12.734
12.6391
12.585
12.433
12.912
12.5448
12.8699
12.9553
12.5248
12.7462
12.7485
12.9713
12.7377
12.9972
12.984
12.6592
12.3039
12.7346
12.9017
13.1829
12.8802
13.0955
13.2134
12.5623
12.7327
12.7747
12.9174
12.8325
12.5056
12.6965
12.488
12.8036
12.8925
12.6109
12.9367
12.8766
12.4406
12.7318
12.7467
12.7652
12.9305
12.929
13.2344
12.6391
12.8845
12.7085
12.6099
12.8435
12.7569
12.635
12.909
12.5267
13.036
12.6816
12.955
12.6195
12.6491
12.9471
13.1179
13.1854
13.1853
12.9057
12.6969
12.9554
12.9444
12.5657
12.8455
12.8458
12.6901
12.9807
12.9197
12.8494
13.2995
12.95
13.249
13.065
12.9167
12.4752
12.6489
12.4571
12.9555
12.7598
12.8965
13.2513
12.5156
12.9889
12.665
12.6163
13.4337
13.0905
12.6249
12.3513
12.8759
12.7342
12.9679
12.5619
12.6998
12.7136
13.1225
13.0184
12.6709
12.9468
12.6717
13.0864
12.6594
13.3062
13.2067
12.982
12.962
12.7327
12.8634
13.1222
13.3741
12.9198
12.9729
13.2973
12.9097
13.1727
13.0129
13.2416
12.8317
13.1115
13.0554
12.2986
12.7152
12.8394
12.6586
12.8171
13.0404
12.6438
13.0324
13.1227
13.2355
13.497
12.7194
13.025
13.1062
13.4103
13.3609
13.1095
12.9232
12.8568
13.1638
13.2047
12.9301
12.6856
13.3635
13.3547
12.973
13.1219
13.0465
12.8082
12.9316
13.2474
13.0481
13.006
13.1699
12.8944
13.1396
12.9121
13.1644
12.8737
13.181
13.4593
12.6564
12.8762
12.7614
13.2391
13.1098
12.9789
13.3572
12.7951
12.2482
12.6768
13.0744
12.6706
12.5445
12.7704
13.0073
12.7002
12.558
13.1987
12.858
12.7872
12.7901
13.0591
12.9237
12.5455
12.9512
12.9774
12.7017
12.496
12.8812
12.9056
13.1197
12.9091
12.4332
12.7568
12.8862
12.7028
12.5685
12.8244
12.6052
12.8436
12.8139
12.9941
12.9778
13.06
13.0641
13.0636
12.8625
12.8209
12.7083
13.4959
12.9469
12.7417
12.7438
13.0559
12.6942
12.6395
12.8073
13.0181
12.7426
12.6598
12.4824
12.8508
13.0565
12.8902
12.7991
12.8275
12.3537
12.5033
13.0329
13.2513
13.1803
12.8838
12.8609
13.0642
12.3862
12.6942
12.9205
12.9446
12.7403
12.8973
12.9934
12.7106
13.1433
12.4715
13.0147
13.3318
13.1039
13.3106
12.6951
12.8643
12.7606
12.8391
12.7458
12.9287
12.7217
12.9524
13.0314
13.2817
13.0077
13.0464
12.9821
12.5686
13.3408
13.0508
12.9872
13.0394
13.1061
13.2013
12.894
13.1283
12.8768
12.9993
13.1534
13.0584
13.1869
12.6723
13.1642
12.9892
12.9397
13.1241
12.9832
13.1284
12.9708
13.1608
12.6575
13.1299
13.1628
12.785
12.9761
13.0124
12.8894
13.1575
12.857
12.8127
12.3463
12.9248
12.7908
12.7878
12.9576
12.4399
12.9913
12.5725
12.8175
12.7152
13.0545
13.0227
12.701
12.8751
13.1113
13.1496
12.7592
13.1117
12.9699
13.1008
12.8851
13.0198
12.9104
12.94
13.3493
13.3558
13.2434
12.97
13.1298
12.8574
13.1688
12.7068
12.6404
13.1203
12.9626
12.9213
12.7904
12.5778
12.8034
12.6844
13.0394
13.1158
12.9352
13.2085
12.7878
12.9494
13.1084
12.8694
13.0394
12.8846
12.8893
13.1828
13.2601
12.8577
12.8412
13.0444
12.8618
12.9628
13.3174
13.1075
12.907
13.0267
13.1842
13.017
12.8503
13.2144
13.2568
12.8758
12.9277
12.8301
13.0162
12.6543
12.7955
12.5058
12.9733
13.1159
12.653
12.9838
13.0289
13.1042
13.0261
13.1179
13.0429
12.4641
12.718
13.0829
13.2544
12.8075
13.1062
13.1918
12.5826
13.1382
13.0295
13.2225
12.9689
13.0898
12.5151
13.0245
12.9262
13.0537
13.046
12.7022
13.0094
13.1661
12.8489
12.886
12.9198
12.8576
12.5116
13.2051
12.9729
12.8064
12.7253
12.7862
12.9509
12.7914
13.2389
13.0329
12.8032
12.8794
12.949
13.2662
12.6449
12.7002
13.079
13.3493
12.8526
13.0765
12.9348
12.9224
12.9639
12.7574
13.1647
12.9408
12.9776
12.7917
13.2204
13.2002
12.5426
12.5807
12.9786
12.6727
12.6237
13.1514
12.9548
12.936
12.8205
13.0563
13.0622
12.7233
13.0758
13.3212
12.4644
13.0297
13.0615
12.8233
13.306
12.9131
13.1577
12.8607
12.9753
12.8347
13.4118
12.9646
13.2899
13.2628
12.8875
12.87
12.9541
13.0649
13.0379
13.166
13.4425
13.3862
12.8288
13.0225
12.8014
13.301
13.3164
13.2564
13.1158
13.0055
13.4516
12.9357
13.2432
13.1701
12.9526
13.0063
13.3825
12.7537
13.4747
13.3829
12.9154
13.0711
13.468
13.3087
13.3451
13.2251
13.1795
12.7476
13.3192
13.1879
13.1956
12.9476
13.2525
13.3117
12.9833
12.8775
13.0806
13.1312
13.0269
12.6164
12.933
13.1241
13.0083
12.6293
12.9767
13.4736
13.1708
13.212
13.2259
12.9009
13.2845
12.9245
13.402
13.6277
13.1084
12.7344
12.7518
12.7931
12.8108
12.6573
12.8592
12.8075
12.9017
12.7829
12.8044
12.615
12.5824
12.7007
12.8105
12.5196
12.6995
12.8263
12.8258
12.5849
12.5178
12.583
12.6869
12.5873
13.2222
12.6794
12.8059
12.6109
12.3585
12.9337
12.8065
12.9259
12.8834
12.8163
12.3483
12.6839
12.6725
12.6986
12.6686
12.9074
12.6697
12.865
12.4349
13.1373
12.7951
12.6688
12.9876
12.8542
12.6183
12.6481
12.7186
12.6367
12.5869
12.7982
12.5777
12.8347
12.9235
12.5314
12.6849
13.122
12.6705
12.867
13.0266
12.9074
12.8559
12.5669
12.8926
13.1383
12.8116
12.7076
12.9173
13.001
13.1878
12.6781
12.9975
13.1599
12.7705
12.8005
12.7323
12.719
13.0599
13.1789
13.1568
12.5879
12.8149
13.1101
12.8144
13.1928
12.3793
13.0801
13.0257
12.8185
12.8484
12.9116
13.3732
12.8675
12.8705
12.7606
12.7489
13.2943
13.0151
13.0366
12.8797
13.1824
13.0579
12.8835
12.9281
12.7699
12.9828
12.7554
13.316
13.0112
13.0765
13.1007
12.8144
12.8377
12.999
13.0473
12.6721
13.3188
13.3018
12.9173
12.4858
13.0756
12.8248
13.1677
12.8075
12.936
12.997
12.9733
13.0464
12.9967
12.3855
13.1154
13.413
12.8323
12.6351
12.938
12.929
12.9277
12.5723
13.087
12.5267
13.1328
12.6514
12.7499
12.6396
12.7318
12.6132
12.6531
12.8076
12.7607
12.7541
12.4813
12.91
12.8437
12.6745
13.1334
12.6556
12.3821
12.915
12.9045
12.8306
12.7109
12.9905
12.7201
12.56
12.7021
12.9515
13.0745
12.8081
12.8642
12.4128
13.0305
12.4634
12.8965
13.266
12.6851
13.1962
13.2141
13.0765
12.6804
12.56
12.6442
12.4846
13.0724
12.7912
12.7025
12.6205
12.9391
12.2614
12.8763
12.7367
12.9588
13.3191
12.7713
12.699
12.6534
12.9674
12.9171
13.131
12.5265
12.7681
13.3477
13.2336
13.2646
12.8815
13.025
12.7702
13.1336
13.1133
12.9597
13.3496
12.8054
12.7748
12.6562
13.0464
12.9516
13.1805
13.122
12.9141
12.9102
12.6856
13.04
12.9361
12.9935
13.1136
12.9289
13.4499
13.3189
12.9722
12.9162
13.0919
12.9141
13.0129
13.0343
13.0101
12.6318
12.9547
12.8741
12.9755
13.0526
12.8956
13.1668
13.2831
13.044
12.9454
13.0455
12.8603
12.8139
12.9072
13.0533
12.6849
13.348
12.9199
12.9224
13.1495
13.2541
12.9127
12.919
13.0305
13.1079
12.5513
13.0077
13.3874
13.0105
12.9042
12.9183
13.0611
13.0609
12.8438
12.9443
12.9889
12.8882
13.0054
12.582
13.1119
12.9343
12.7658
12.7446
13.3809
13.2351
13.0455
12.8675
12.7644
12.6506
12.974
12.6945
13.0576
13.3506
12.5738
12.8437
12.565
13.0202
13.041
12.6892
12.9115
12.9161
13.0997
13.2878
12.7572
13.3454
12.618
13.1803
12.7552
12.8088
12.9459
13.0154
13.0087
13.4751
12.9987
12.8747
12.9371
12.9438
12.6149
12.9467
12.9326
12.7708
13.1785
12.3838
13.0304
13.4477
12.8307
13.2594
13.0549
12.8058
12.7061
12.9436
13.3113
12.8425
13.0284
13.1558
13.0223
13.1143
12.9064
12.6682
12.8263
12.7313
13.0428
13.0745
13.0953
13.086
12.7725
13.0806
13.1358
13.31
12.6383
12.9939
13.3094
12.9648
12.8272
13.0824
13.4776
13.05
12.8448
12.9204
13.111
13.2639
12.5961
13.0879
12.7025
13.494
12.9813
13.3533
13.1561
13.2843
12.8431
13.0324
13.5491
13.1651
12.9736
13.3983
13.4084
12.9399
12.9472
12.7485
13.0498
12.9029
13.2239
12.8914
12.8997
13.0748
12.8772
13.1405
13.0005
13.2789
12.827
12.7623
12.8683
12.8581
12.8878
13.1546
13.0865
12.84
13.1984
13.1463
12.7733
12.7311
13.2232
12.63
13.1947
12.8756
12.7689
13.1503
13.12
13.0388
12.7471
12.8548
12.887
12.9372
12.6079
12.8409
12.7718
12.9316
12.9873
13.3278
13.1323
12.7397
13.0924
13.4269
12.4871
12.6938
12.9856
13.1508
12.7776
12.8386
13.0795
13.2295
13.0151
12.9878
12.9229
13.049
13.418
12.9075
12.9631
12.9614
13.0559
12.8893
12.6118
13.3054
13.3184
13.0364
12.7953
13.1877
12.9662
12.5173
12.7797
12.7571
13.267
13.0327
12.9863
12.8158
12.8205
13.2912
13.2612
13.0037
13.1299
12.3997
13.017
13.0439
12.6405
13.2398
12.8777
13.0671
13.0986
13.0316
12.7097
12.6897
13.194
13.057
12.7031
12.8455
12.7945
12.7997
12.8506
12.9198
12.7585
13.2377
13.042
13.0993
12.9185
12.7006
12.9524
12.8217
13.4678
13.0463
13.065
12.8337
12.8882
12.8373
13.1451
13.1628
12.7344
13.1173
12.7972
12.8937
13.2354
12.9447
12.8159
12.566
13.0712
12.8767
13.0561
13.036
13.028
12.6869
13.0699
13.037
12.9376
12.8224
12.8716
12.9438
12.2613
12.9359
12.7495
13.3183
12.7801
12.9103
12.8371
12.6357
12.7555
12.6136
13.1553
12.3617
12.655
12.7568
12.4925
12.3169
12.9647
12.6437
12.8144
12.4366
12.5262
12.5313
13.2164
12.9884
12.9403
12.6562
13.1163
12.9003
12.7864
12.7478
12.8501
12.6517
12.8891
12.9239
12.7481
12.7302
12.8901
12.4374
12.8151
13.0252
13.1284
12.8502
12.7321
12.8296
12.2657
12.6586
12.4418
12.6
12.9626
12.8789
12.651
12.9036
12.9546
12.5278
13.056
12.9752
12.8791
12.8045
13.1969
12.4314
12.3814
12.5754
13.3784
13.2259
12.5784
12.9635
12.7439
12.6447
12.9915
12.8767
12.9855
12.5298
12.3026
12.792
12.5123
13.0835
12.8049
13.0213
12.657
12.5467
12.9337
12.3302
12.61
13.0294
12.8684
12.6913
12.8045
12.784
12.796
12.8043
12.9935
12.5931
12.9362
13.2065
12.9246
12.6402
12.5756
12.5419
12.8488
12.6295
12.7686
12.8583
12.9486
12.6947
12.6963
12.8597
12.8092
13.0502
12.6703
13.0724
12.863
12.8747
12.664
12.7495
12.9555
13.2539
12.4942
12.887
12.8138
12.6421
12.724
12.8887
12.8125
12.4167
12.6721
12.8963
12.8901
12.9735
13.0495
12.6365
12.664
12.9709
12.8886
13.0774
12.8827
12.8983
13.0143
12.9712
13.0657
12.8161
12.8472
12.9095
12.9606
12.8615
13.3182
13.0055
12.9592
13.0067
12.8523
12.8778
12.781
13.0176
12.9545
13.1111
12.9303
12.7814
12.8771
13.011
13.4726
13.0628
13.1433
12.8326
12.6974
12.5637
12.5152
13.008
12.5472
12.8906
12.7845
12.8347
12.5148
12.9583
12.6418
12.9846
12.9093
12.8933
13.0584
12.7566
12.551
12.9454
13.0808
12.7577
13.0432
12.9418
12.9194
12.9944
12.7725
12.7198
12.5277
12.4894
12.9132
12.9439
12.8832
12.3666
12.7501
12.6098
12.6719
12.9018
12.9768
12.5742
12.6831
12.5687
12.6227
12.7595
12.5985
12.7092
12.8341
13.067
12.6122
12.6902
12.7607
12.6369
12.847
12.5653
12.9659
12.8883
13.1089
12.8337
12.3066
12.904
12.3933
12.394
12.7187
12.4372
12.7398
13.1495
12.7606
12.6513
12.6462
12.8936
12.6715
12.9134
12.9616
13.0244
12.7495
12.8711
12.5764
13.0159
12.5259
12.6517
12.785
12.7291
12.9414
12.7321
12.9192
12.7798
13.3475
12.8781
12.8723
12.984
12.6671
12.5854
12.77
13.2922
12.6888
12.9496
12.9552
12.8776
13.1635
13.012
12.9607
12.4947
13.1013
13.1727
12.7741
13.0144
12.8022
13.1396
12.9036
13.2734
12.892
12.8435
13.4372
12.8911
12.9967
12.6623
12.87
12.4659
12.9997
12.6511
12.6794
13.0636
12.8915
12.6645
13.0784
12.9046
12.7274
13.2715
12.9354
12.679
12.582
12.6751
13.2155
13.0364
13.0812
13.0396
13.0477
12.9636
12.7457
13.1469
12.8469
13.0337
13.0661
12.9408
12.982
13.0772
13.1724
13.1446
13.1832
13.0186
13.0558
12.9251
13.3602
13.0952
12.8456
12.6741
12.8906
13.2949
13.0313
13.1651
12.9292
12.8062
12.9502
12.9328
12.9392
13.0206
13.0928
13.4089
12.949
12.9988
12.7593
12.9781
12.9038
13.1051
12.7691
13.0495
13.4126
13.3862
12.7523
12.5082
13.0712
13.2839
12.9922
12.9992
12.7988
12.6778
13.1317
13.2093
13.4374
13.2314
13.2385
13.0509
13.0664
12.7243
13.107
13.2458
12.6434
12.7508
12.9064
13.2258
12.8994
12.6235
13.1471
12.9848
12.7146
12.9427
13.0365
12.8758
12.5416
12.8638
12.9991
12.9896
12.7204
12.7851
13.0046
13.1557
12.7856
12.7176
13.1724
13.1132
12.8242
13.0558
12.8983
13.0091
12.5887
12.7568
12.5466
12.782
12.5754
12.9194
13.0245
12.6336
12.6727
13.0094
13.0106
12.9725
12.8723
13.2626
12.7073
12.7822
12.6598
13.0014
13.3543
12.8896
12.9671
12.9985
12.7444
12.9943
12.9166
12.9767
12.9157
12.4111
12.9065
12.8216
12.7847
13.3412
12.7263
13.1142
12.6634
13.2148
12.8792
13.1102
13.194
12.6531
12.9144
12.8691
12.8974
12.9883
13.1376
12.626
12.6092
13.0224
12.998
12.8312
13.2209
12.7573
12.9337
13.124
12.7156
12.9124
12.9577
12.9489
12.4717
12.8841
12.7696
12.8926
12.5019
13.0132
12.5589
13.0528
13.0105
12.8912
12.6184
12.7162
12.9744
13.171
12.8432
12.796
12.7972
12.5623
13.1956
12.6964
12.9703
12.4226
12.6353
12.9444
12.4181
12.6281
13.0626
12.9783
12.6332
13.0259
13.0355
12.921
12.6829
12.8043
13.1903
12.9915
12.7612
13.0656
13.061
12.6009
13.1274
12.9641
12.6812
12.687
12.6288
13.3022
12.8239
12.8183
12.6393
12.4697
12.8415
12.8965
13.0522
12.97
12.9703
12.5485
12.7968
12.888
12.7781
12.8541
12.912
12.9076
12.4722
12.6469
12.7329
12.9335
13.03
12.5972
12.7241
13.1842
12.8079
13.0719
12.9533
13.1558
13.1495
12.9288
13.0436
12.8901
13.1027
13.2002
13.1019
12.6714
12.5054
13.1104
12.877
12.786
12.9504
13.0136
12.841
12.3711
12.5933
12.7221
13.0586
12.8835
12.8174
13.1601
12.9747
12.9988
12.6266
12.8359
12.7508
12.7635
13.0904
13.1768
12.9534
12.5169
12.4715
12.7589
12.8257
13.2686
13.1248
12.6936
12.6199
12.6623
12.5894
13.2712
13.214
12.8403
12.5356
12.6105
13.3274
12.8564
13.0156
12.5125
13.0102
12.599
13.0446
13.0884
12.8574
13.0014
13.0279
12.8443
12.3962
12.9147
12.7907
12.8851
12.8558
12.793
12.771
13.1438
12.7185
12.3061
12.9096
12.9239
12.8251
13.0182
13.0228
12.9991
12.8009
12.5261
12.7251
13.1413
13.0582
12.7937
12.9091
13.3431
12.5541
12.7441
12.8778
12.8811
13.2441
13.0992
12.8152
12.8902
12.6874
12.8622
13.1215
12.9354
12.7097
13.0467
12.886
13.0848
12.9802
12.6794
13.2093
13.0175
13.0431
13.3309
12.9888
13.2216
13.273
12.9881
12.6158
12.7967
12.9113
13.4211
12.9055
13.1047
13.1438
13.0298
12.9837
12.9429
12.7646
13.0719
13.6994
12.8876
13.1914
12.7421
13.0241
13.208
12.7474
12.6518
12.9717
13.1532
13.1272
12.8351
13.091
13.0278
12.8823
13.0634
13.1796
12.8181
12.8414
12.8603
13.0679
13.0484
12.6756
12.9135
12.8246
12.9658
13.2604
12.7213
12.9713
12.9077
12.8472
12.8434
12.9655
12.7414
12.833
12.7046
12.7724
12.8427
12.8122
12.6127
12.8714
12.8558
13.0945
12.8716
12.6838
12.744
13.2833
12.9615
13.2533
12.5526
12.4079
13.1943
12.497
12.3579
12.8494
13.1036
12.5726
12.7212
12.9948
12.9524
12.8294
13.1816
12.8057
12.5762
12.9889
12.7041
12.8076
12.5305
12.9753
13.0892
12.9233
12.6095
13.0765
12.956
12.642
12.6368
12.8755
12.6739
13.0399
13.0364
13.0578
13.2343
12.8207
12.5362
12.6587
13.2699
12.8346
12.905
12.8844
12.7684
12.9626
12.832
12.583
12.9069
12.9486
13.2632
12.8983
13.144
12.8858
12.8877
12.8253
13.1175
12.6256
12.9763
13.0023
12.8844
12.6735
12.79
13.0976
12.8595
12.8761
12.9198
12.4653
12.5629
13.0211
12.99
13.4805
12.7924
12.7461
12.7142
12.6081
12.8075
12.8563
12.9394
13.0598
12.9898
13.0227
12.5522
12.9361
12.7953
12.4932
13.1806
12.856
13.1977
12.6372
13.2387
12.5256
12.6434
12.6585
12.9672
13.0994
12.711
13.3131
12.6949
12.7128
12.7988
12.6262
12.718
12.743
12.7371
12.715
12.7351
12.5204
12.7511
13.2415
12.8869
12.9071
13.0274
13.1377
12.7887
13.0327
12.8041
13.0356
12.5865
12.9409
13.0597
12.949
13.2378
12.954
12.8771
12.9769
13.2478
13.3839
13.0325
12.862
12.0906
12.9231
13.0566
12.8961
12.8527
12.7907
12.7138
12.8429
12.9141
12.6691
13.1382
12.8576
13.1791
12.9585
12.9101
12.9388
12.5942
12.9974
13.183
13.0191
12.9516
12.8725
12.8794
13.1885
12.8051
12.8245
12.7999
13.1423
12.6312
12.6122
13.1799
12.7717
13.3045
13.157
13.1344
12.57
13.0179
12.6333
13.0193
12.9118
13.1301
13.0579
12.5228
12.3799
12.8634
12.9183
13.1727
12.6454
12.7776
13.0739
12.9552
12.7794
12.797
12.9716
12.6488
13.0727
12.6323
12.8794
12.7927
12.9681
12.8299
13.1371
12.6123
12.8
12.7611
12.9565
12.5372
13.0214
12.5338
12.8688
12.7162
13.3133
12.7964
12.737
13.05
12.826
13.0513
12.5321
12.5103
12.9484
12.6941
13.1326
12.8621
13.0306
13.1467
12.7921
12.5752
12.4444
12.5781
12.7459
12.9506
13.1676
12.8576
12.6226
12.5721
12.8105
12.8966
12.7623
12.8316
12.7214
12.645
12.7205
12.8263
12.6999
12.8492
12.499
12.9809
13.0988
12.9641
12.3246
12.6468
12.478
12.7824
12.842
12.8146
12.7728
12.6534
13.0871
12.9259
12.867
12.6538
12.756
12.8247
13.0941
12.9494
13.3016
13.5269
12.816
12.8174
13.1031
13.0175
13.3992
13.0532
13.0884
13.1548
12.8038
12.6741
13.0314
12.9916
12.8534
13.0677
13.0792
12.765
12.9842
12.9362
12.6178
13.1444
13.2903
13.0964
13.0597
13.2504
12.3292
13.061
13.0557
12.921
13.3109
13.3698
12.9599
12.9859
12.9376
13.1259
13.5323
12.9398
13.2004
12.9162
12.7966
13.1751
12.9574
12.7097
12.5789
13.0417
12.8303
13.3366
12.6776
13.5017
12.9407
12.7789
12.7297
12.8433
12.9206
12.5306
12.7289
12.8608
13.1418
12.6419
12.8754
13.0119
12.8527
12.7673
12.9848
12.9638
12.7695
12.4122
12.9466
12.7531
12.887
12.9163
13.2926
12.677
12.6108
12.9059
12.7184
13.2094
12.8808
12.7128
13.278
12.9469
12.801
12.9546
13.0963
13.1066
13.2209
13.6014
13.1624
12.7842
13.0435
13.3158
13.191
13.1133
13.1049
13.3125
13.3875
12.9421
12.518
12.8686
12.9986
12.8253
12.8172
12.9098
13.0734
12.3047
12.5076
12.8183
12.9311
13.4451
12.8933
12.832
13.1046
12.8674
12.938
12.781
13.1463
13.03
12.751
12.6472
12.9394
13.0525
12.7481
13.0018
12.7766
13.0542
13.0217
12.672
12.8963
13.3111
12.6507
12.6151
13.2379
13.1785
12.8824
13.1794
12.6652
12.9074
12.8495
13.1392
13.045
13.126
12.8162
13.0251
12.7908
12.9459
12.4779
12.9706
13.166
13.1071
13.0713
13.2584
12.7337
12.8499
12.999
12.9732
13.1439
12.6887
13.3113
12.8549
13.1683
13.0881
13.248
13.1338
13.2737
13.2428
12.9986
12.768
12.9543
12.7279
12.7475
13.4194
13.3165
12.9872
13.1637
12.6694
12.5521
12.8958
13.1084
12.9773
13.178
13.1827
13.2141
13.296
13.031
13.0946
13.436
13.1753
13.4637
13.4573
13.1878
13.0859
12.9923
13.2583
13.1482
12.6306
12.6317
13.0469
12.4652
12.8723
12.6943
12.7089
12.9069
13.1613
13.105
12.5616
12.7949
13.1623
13.4553
13.1506
12.8525
13.0992
12.8112
12.7042
12.5421
12.644
12.7018
12.5576
12.779
12.7247
13.0111
12.672
12.9171
12.7187
12.7205
13.2725
12.789
12.8044
12.3064
12.6779
12.8181
12.9301
12.8708
13.1852
12.4754
12.4164
12.6512
13.2268
12.9601
12.851
12.9734
12.6836
12.1519
12.9576
13.0564
12.6604
13.177
12.578
13.1869
12.4824
12.7327
12.687
12.8725
12.6458
12.773
12.5974
12.8079
12.8337
12.8871
12.6778
12.848
13.0134
12.8066
12.904
12.603
12.8965
12.8402
13.0706
12.8758
12.9027
12.6026
13.1316
12.7839
12.8375
12.956
13.1419
12.7996
12.4188
12.7255
13.1214
12.8864
13.2558
12.5391
13.2637
12.3501
12.7905
12.6059
12.6633
12.7719
12.5747
12.6838
12.8017
12.8385
12.8519
12.9291
12.9911
13.0534
12.7884
12.4338
12.9871
12.8378
12.9035
12.719
12.5607
12.9554
12.9915
13.0365
12.9317
13.0012
12.5048
12.5333
12.8289
12.8023
13.0823
12.9915
13.1319
12.7359
12.8223
12.8523
12.5521
12.3283
12.7285
12.9983
12.8768
12.7309
12.5084
12.7621
12.3986
12.8134
13.1077
12.9199
13.14
12.469
12.8921
12.3886
12.7445
13.0598
12.9681
13.2074
12.59
13.0083
12.8252
13.2781
12.8597
12.8226
13.3515
13.0774
13.1045
13.3496
13.1878
12.8496
12.6165
12.7845
13.2502
13.2218
12.6249
12.7904
13.1543
13.0499
12.779
13.1751
12.8435
13.2455
12.8163
13.5266
12.9694
12.8189
13.2087
13.2485
13.3388
12.8511
13.0447
12.7147
13.3726
13.085
12.971
12.7702
12.8629
12.7918
12.905
13.3243
13.2451
12.9626
13.007
12.8614
13.2046
13.3238
13.0429
12.7316
13.0434
12.8763
12.6532
13.0126
12.8328
12.8607
12.9124
13.2635
12.9868
12.7305
13.2197
13.5673
13.3551
12.9534
13.0155
12.7517
12.9169
12.5757
13.1581
12.6176
12.8575
12.5953
12.9939
13.0573
13.1278
12.51
12.6664
12.5018
12.7386
12.7055
13.043
13.1573
12.7906
13.0402
13.0969
13.2517
12.7733
13.134
12.7704
12.687
12.68
13.2685
13.0278
13.27
12.8194
13.3061
12.9568
12.7304
12.9462
13.1883
12.6851
13.052
13.0333
13.0997
12.9747
12.5225
12.8666
13.0322
13.3745
12.7924
12.8685
12.942
13.1305
13.0501
13.0919
12.6613
12.9266
13.1313
13.1695
12.5486
13.1416
13.0275
13.4246
13.0913
13.1279
12.9067
12.6615
13.2648
13.113
12.7054
12.8617
12.9977
13.2071
12.4241
12.5655
12.9481
12.4397
13.0523
12.609
13.5217
12.899
13.2157
12.9212
13.2707
13.0553
13.181
13.0888
13.6316
12.4662
12.5917
13.0118
12.8245
13.3567
13.0109
12.8921
12.831
13.2208
12.7965
12.9573
12.8797
13.0115
12.4785
12.2492
12.5712
12.4494
12.9938
12.5369
12.7589
12.9122
12.8468
12.4405
13.3306
12.8717
12.965
12.6847
12.992
12.7882
12.5864
12.6291
13.0776
12.74
12.7251
13.2006
12.8547
12.9024
13.0538
12.9314
12.7444
12.9885
13.1152
12.7509
12.87
12.7977
13.0195
12.9187
12.8153
13.2342
12.6452
13.0136
12.6979
12.9004
13.0092
13.1236
12.6201
13.0987
12.6592
13.0986
12.97
12.8166
12.9741
12.9665
13.065
13.2439
13.2269
13.308
13.0224
12.6381
12.9581
13.1234
12.9629
13.149
13.4011
13.1542
13.1744
12.7026
12.7557
13.3545
12.761
13.0251
12.8675
12.9093
12.9165
13.3851
13.1057
13.1764
13.1109
12.836
13.2329
13.1252
13.2988
12.4404
12.9351
12.7908
12.7264
12.8171
13.2306
13.2126
12.9195
13.0153
12.7623
13.2512
13.0172
12.9375
12.895
12.7693
12.7029
12.6508
13.1694
13.004
12.9769
13.1967
13.1459
13.0557
13.1027
12.6812
12.6648
13.0688
12.9207
12.9243
12.8419
12.9758
13.0992
12.6081
13.1308
12.6995
13.2604
13.2328
13.2275
13.2095
12.8003
12.9958
13.2039
13.4973
12.979
12.793
13.5568
12.9557
12.7831
12.4955
12.945
13.0425
12.5305
13.2611
13.3013
13.0609
13.0453
12.9027
13.2681
12.7059
13.1232
13.0012
13.3324
12.7337
12.6415
13.0556
13.4465
13.0694
12.8746
12.4601
12.8718
13.1045
12.73
12.4534
13.1484
13.0187
12.9588
12.6896
12.7501
13.0966
12.9486
12.9232
13.0013
13.3023
12.6644
12.9985
12.7739
13.1012
13.0994
12.8152
13.0529
12.8723
12.9537
12.8156
13.1115
12.8539
12.6823
12.8382
13.0796
12.6485
12.9276
13.0485
13.1834
12.8094
13.0405
12.8852
12.7879
12.7756
13.1603
13.0431
12.8775
12.9143
12.7192
12.6817
12.5486
12.4733
12.7713
12.9949
12.3976
12.8857
12.7416
12.9224
12.4332
13.0494
12.8118
13.1771
12.6519
12.6651
12.9996
13.2726
12.9509
12.5721
12.7336
12.8637
12.7828
13.073
12.8257
12.6148
12.456
12.7806
13.0923
13.0885
12.9044
12.9645
12.7225
12.641
12.7771
12.5817
12.9663
12.9473
13.2259
13.0962
12.8164
13.0227
12.6893
12.8436
12.2959
12.6478
12.9645
12.9333
12.7983
12.8763
12.5325
12.5476
12.8633
12.6798
13.0995
12.7477
13.1731
12.2938
12.7937
12.988
13.1966
12.7993
12.7954
13.1164
12.5763
12.615
12.9626
12.7053
12.8839
12.9974
12.8811
12.9967
12.8707
12.9336
12.9721
12.9656
12.8209
12.8065
13.0585
12.5169
13.18
12.8451
12.7686
12.5173
12.6574
12.978
12.2837
13.2149
12.8639
12.9811
13.3485
12.8527
12.7726
12.9265
13.0897
12.722
13.2856
12.5711
12.7047
12.9993
12.9744
13.2
13.4735
12.648
12.6792
12.807
12.5786
13.0601
12.8556
13.153
12.9562
13.3097
12.7752
12.8268
13.0971
12.7166
12.9922
12.7125
13.1887
12.6766
12.5233
13.0884
12.8257
12.9146
12.3951
12.711
12.6347
12.8762
13.2714
13.2696
12.949
12.8817
12.842
12.7227
12.7185
12.632
12.7975
12.9991
12.5197
12.812
12.9833
12.898
12.3228
12.8064
12.8152
12.9854
13.2327
13.2771
13.1602
12.874
12.9412
13.4837
13.0266
13.2789
12.6936
12.7938
13.4835
13.1709
12.7641
12.8283
12.9252
13.0232
12.9434
12.4458
13.172
13.3279
13.0735
13.0932
12.5185
12.9133
12.9604
13.0478
12.9225
13.0725
12.6207
13.1945
12.5464
12.421
13.2281
13.4018
13.1399
13.1957
13.2444
12.8184
12.7108
13.2747
13.3776
13.3538
13.0444
12.6593
12.8114
13.0081
13.1832
12.7969
13.3316
12.7092
12.8925
13.1416
12.6523
13.2059
12.8847
13.0694
12.9271
12.953
13.3986
12.9844
13.0903
12.7213
13.3571
12.7384
