4.1163
3.90923
3.81433
3.93434
3.80878
3.8237
3.76951
4.0793
4.08603
3.90305
4.24178
3.90269
4.21472
3.96771
3.92514
3.98917
3.29466
4.0684
4.41535
3.91731
3.97888
3.87468
4.01966
4.0404
3.93185
4.23928
3.92668
3.75008
3.66653
3.93063
3.71881
3.94049
4.35319
3.74961
4.03632
3.88689
4.02525
3.7785
4.08899
3.89245
3.7907
4.19232
3.8807
4.19161
3.89431
3.89237
3.67489
3.65934
4.16091
3.92582
4.21892
3.68827
3.82084
3.96007
4.28628
3.95259
3.42758
4.15829
3.99717
3.99997
3.68224
4.09392
3.87512
3.63986
3.77302
3.74383
3.5865
3.97213
3.85759
4.19105
3.80065
4.13473
4.31296
3.76152
3.93804
4.19826
4.01661
3.91535
3.8379
3.91838
3.88364
4.02796
3.76148
3.98335
4.07917
4.01168
3.80062
3.83916
3.87089
3.6094
4.02875
3.84038
3.60635
4.2409
3.95704
4.22864
3.92746
4.09865
4.15085
4.17185
3.83738
3.87595
4.14112
3.8846
4.43326
4.0888
4.09171
4.04519
4.34286
4.368
3.927
4.13158
4.20272
4.09595
4.41309
3.90396
4.53168
4.28756
4.00902
4.10782
4.01492
4.41388
4.54926
3.90903
3.93845
3.96395
3.84234
4.16757
4.20351
3.86243
4.08767
4.0685
3.97235
4.62017
4.11729
4.15826
4.16019
3.92738
3.97109
4.11192
3.78633
4.03161
4.33076
4.19041
4.05054
4.53868
4.46368
4.11011
3.86066
4.11962
4.04419
4.25915
4.74641
3.83505
3.67915
4.31254
3.90753
4.53399
4.26477
4.45655
3.93214
3.86832
3.96114
4.1487
4.06479
4.32931
4.22454
4.13975
4.12394
4.29211
4.42889
3.99614
4.3551
3.98248
4.57639
4.37721
4.30279
4.19397
4.26835
4.48901
4.24215
4.00468
4.22768
4.63418
4.06896
4.2037
3.78081
4.0831
4.24304
4.31426
4.24953
4.29525
3.76174
4.17656
3.77913
3.67862
4.27194
3.94623
4.1387
4.1378
3.61823
3.93761
4.24738
4.19446
4.04663
3.69596
4.12385
4.10451
4.03965
4.43192
4.26913
4.01942
3.9069
4.43738
4.23349
4.0004
4.42956
4.03894
4.05754
3.95174
3.99307
4.02442
3.95263
3.97391
3.83508
3.83017
4.22427
3.67981
4.3074
4.33763
4.00433
3.71643
4.06176
4.18998
4.32536
4.01225
3.61705
3.97794
4.17021
4.07443
4.28402
4.36342
4.16373
4.20677
4.01087
4.13472
3.79862
4.30262
4.09413
4.354
4.14906
4.51227
4.32823
4.48178
4.09628
3.98319
4.15515
3.97496
3.61863
3.90567
3.57721
4.25158
4.04317
4.13155
3.95915
4.12252
4.12491
4.33009
3.67247
4.11384
4.1456
4.34761
3.73581
4.16481
4.09365
3.88608
4.41649
4.28317
3.96215
4.24674
4.54619
3.89815
4.25947
4.13214
3.78584
4.09417
4.29994
3.95164
3.81113
4.00903
3.92069
3.66741
4.35589
4.32385
3.95472
4.17484
3.53544
4.07731
3.75814
3.75329
4.27934
4.37109
4.2501
4.17884
4.24648
4.20282
3.75394
4.20461
3.90003
4.27182
3.88716
4.18314
4.11666
4.04655
4.4453
4.37631
4.1027
3.50204
3.99088
3.58809
3.48749
4.43889
3.67312
3.72009
4.39437
3.88305
4.01078
3.87612
4.06468
4.11192
4.13109
4.0154
4.37941
3.88864
4.09202
3.96977
3.77255
3.93942
4.00774
3.87701
3.61393
4.11327
4.16594
3.93127
4.11317
4.34407
3.96454
4.06328
3.89687
4.05231
3.61171
4.08266
3.6903
4.14479
3.6075
3.95791
3.72083
4.07247
3.76663
3.69853
4.18146
3.83983
3.74409
4.07126
3.9889
3.8535
3.9097
4.16947
3.65907
3.88517
3.80188
4.23398
4.0526
4.29136
4.27972
4.1526
3.83165
3.78928
3.92421
3.66392
3.75735
3.71945
3.76387
4.21242
3.96381
4.03513
3.84649
3.9553
3.89584
4.06019
4.17665
4.43625
3.63624
4.11164
4.23596
3.78975
4.21105
3.90598
3.81624
3.98588
3.94284
4.02877
4.2642
4.20175
3.92113
3.9486
3.65614
3.98564
3.80022
4.09845
4.0878
3.60933
3.69691
4.01016
3.73478
4.40227
3.77663
3.99299
3.68915
3.49827
3.81617
3.86272
3.91687
3.73622
3.73332
3.94211
3.87315
3.81306
3.93064
3.80364
4.10568
4.05006
4.01963
4.50656
4.03341
4.08091
4.37501
3.59238
3.43513
4.35699
4.08134
3.81419
3.94954
3.89442
3.52717
3.96746
3.96518
4.27594
3.96799
3.92875
3.93442
3.97912
4.06801
4.00809
3.94152
3.95708
4.10803
4.04052
4.18896
4.35959
4.02402
3.68727
3.97454
4.14916
4.05017
4.28335
4.04779
4.00443
3.96777
3.91215
4.05112
4.0225
3.98817
4.04608
3.63089
3.87227
4.26395
3.87223
4.19807
3.80473
3.65856
3.90006
3.80929
4.04709
4.08674
3.59338
3.93327
4.04969
4.43271
3.98095
4.12889
4.40359
4.36232
4.18788
4.42962
4.07377
4.16871
4.47056
4.41094
4.09178
3.95935
4.2468
4.10125
4.28389
4.22487
4.01648
4.25146
4.10731
3.78274
4.42525
3.37635
4.34628
4.09306
3.89202
3.73035
4.03632
4.01703
4.30077
4.19408
3.986
4.13799
4.5189
3.91998
4.19013
3.8954
4.05265
3.81921
4.51099
4.48609
3.94405
3.99663
3.74068
4.21589
3.67173
4.14029
4.2905
3.92689
4.03346
4.20732
4.0501
4.1594
3.94237
4.0708
4.13808
3.98536
3.88748
3.94346
3.83557
4.38787
4.38816
4.26552
3.94063
4.60729
4.24378
4.06438
4.22056
4.26679
4.15181
3.75001
3.94155
4.33842
4.20606
3.81325
3.60722
4.085
4.11672
4.3701
3.86769
3.72102
4.03467
4.07903
4.26694
4.26494
4.03556
3.71807
4.52741
4.38427
4.30335
4.12348
3.77955
3.85535
4.07009
3.74065
3.83503
4.15071
4.28464
4.09149
4.01628
4.03341
4.48966
3.88299
4.04885
4.07363
4.14596
3.9328
4.43081
4.27336
3.83688
4.07613
4.00266
4.05939
3.5666
4.14481
3.98125
4.00353
4.36166
4.33437
3.78898
3.96739
3.66542
4.17534
4.14482
3.76441
3.9192
4.16561
3.95518
4.1929
3.89776
3.735
4.03032
4.01427
4.24254
4.03305
3.89513
4.02433
4.23995
4.10032
4.51032
4.34073
4.02251
3.81558
4.38668
4.03966
4.13331
4.14299
3.59617
3.59352
3.6465
3.56474
3.93057
3.8092
4.08873
4.03443
4.07903
3.79377
4.15714
4.10977
4.11264
4.21991
4.03156
3.27984
4.0165
4.18341
4.21052
3.94181
4.02248
3.95767
4.02074
4.11534
3.90996
3.69571
3.60695
3.85704
3.73085
3.86755
4.00999
4.11634
4.2155
4.18031
3.65368
4.07331
4.16749
4.27067
4.20206
3.92614
4.14419
3.79798
4.0437
4.22394
3.96406
4.30505
4.08785
3.84443
3.85064
3.6793
4.19167
4.18626
3.93663
4.34183
4.21653
4.01523
4.35734
4.12682
3.53549
4.47098
3.84517
3.94651
4.09191
4.05174
3.96095
3.96096
4.14506
4.12907
4.05214
3.92024
3.94892
4.19859
4.4358
4.27461
4.18014
4.14299
3.94684
3.88792
4.20434
4.21624
4.08959
3.86977
3.98579
3.96828
4.47293
4.04837
3.99876
3.78837
3.92749
4.2161
4.20931
4.27322
3.47272
3.57947
4.00678
4.00878
3.85702
4.13758
3.92974
4.21747
4.17403
3.53057
3.98073
4.31331
4.26247
4.02227
3.78703
3.77186
4.09937
3.72951
4.25806
4.18083
3.93666
4.26306
4.05514
4.03189
4.30199
3.96418
3.84977
3.50055
4.1599
3.65635
3.77351
3.7629
3.99363
4.1738
3.75817
3.76752
3.85487
3.91354
4.17059
4.45938
3.94375
4.5628
4.00539
3.7496
3.55401
4.28372
4.09183
4.64826
4.20121
4.49316
4.15318
4.34923
3.81093
4.34334
3.75129
4.04367
4.2167
3.95428
4.11733
3.92286
3.89098
4.16271
3.87376
4.17211
4.00143
3.84655
3.95226
4.20564
3.91749
4.27041
4.08335
4.52877
4.03614
3.93458
3.73113
4.11821
4.11608
4.33498
3.97414
3.75062
4.04948
3.99438
4.37961
3.81721
4.30297
4.06994
4.08579
3.49046
4.03503
3.99239
3.64434
4.50514
3.99263
3.75501
3.95043
3.93653
4.03967
3.76402
4.16864
3.94938
4.24535
4.43421
3.97384
3.68958
3.68003
4.25645
3.60668
3.93182
4.20148
4.18945
3.9309
4.07122
3.26736
4.14752
4.15209
3.91114
4.00147
3.68063
3.80395
3.93361
3.86316
4.20157
3.92221
3.79169
4.04385
4.5672
4.31231
3.8143
4.1549
4.378
3.9564
4.54321
4.18597
4.19931
4.1669
4.24765
4.00961
4.5026
4.42687
4.60524
4.00958
4.28647
4.02529
4.03321
4.09727
4.2648
4.54044
4.13196
4.11077
4.14726
4.18307
4.4325
4.14627
4.04019
4.13288
3.79464
4.16102
4.30515
4.29654
4.21429
4.44494
4.1671
4.13636
4.25187
4.25888
4.26738
4.21593
4.06068
4.18461
4.17843
4.30869
4.43419
4.28946
4.34624
4.57252
4.06849
4.19962
4.18162
4.09184
3.74378
3.82166
4.13049
4.08911
4.13857
3.94064
4.07873
4.32331
3.83139
4.26175
4.07145
4.34207
3.96222
3.6329
4.19842
4.15545
4.59133
4.17828
4.20491
3.9106
4.19186
4.24783
3.95019
4.30563
4.50409
4.57148
4.05367
4.00053
4.19922
4.13079
4.05282
4.07568
4.13249
3.86811
4.29148
3.84192
3.83654
4.25475
4.18921
3.8717
4.21276
4.28012
3.96674
4.15048
4.39997
4.03951
3.60745
3.7556
3.85204
3.92874
4.19915
4.07481
3.94755
4.27048
3.85024
4.18992
4.13071
3.98039
4.51873
3.78058
4.20575
4.25793
4.09476
4.01053
3.87745
4.03097
4.0377
4.32401
3.66182
4.27945
4.01763
3.82779
3.53924
4.06966
3.82809
4.17178
4.13552
4.02761
3.7212
4.167
3.80872
4.02449
4.22783
4.32037
3.96738
4.06718
3.99611
3.9156
3.87419
3.87731
3.9542
3.91111
3.9499
4.01811
4.07822
4.14962
3.98574
3.92525
3.70676
4.20082
4.19256
4.01552
3.95064
3.92536
4.0505
3.88842
4.0755
3.96023
4.08491
4.02651
4.16369
3.84772
3.77383
4.44695
4.48095
3.77577
3.68586
3.97244
4.05143
4.3251
3.76503
3.78513
4.00872
4.08869
4.22746
4.00459
4.11534
4.30891
4.1021
4.22354
4.36442
4.56425
4.20262
3.97655
3.96597
4.2616
4.40649
4.4296
4.58045
4.33136
4.66448
3.79199
4.2195
4.67263
3.76615
3.87589
4.12129
4.09387
4.35456
4.1747
4.30824
4.51169
4.00969
4.18477
4.39074
4.56924
3.94975
4.25245
4.275
4.28925
4.35553
4.49545
4.00356
4.42789
4.64952
4.4776
4.66411
4.18912
3.77974
4.37232
4.00468
4.36982
4.45862
3.95844
4.47971
3.99864
4.02823
3.81847
4.20147
3.7726
3.62365
3.9876
4.13993
4.40138
3.91867
4.12066
4.22891
3.93869
4.40392
4.15623
4.50436
4.2409
4.37883
4.52381
4.25029
3.99194
4.46325
3.80522
4.17316
4.09209
4.34586
4.23644
5.06015
3.85519
4.06129
3.76503
4.22041
4.15096
4.4584
4.47648
4.33722
4.0485
4.37523
3.97574
4.19584
4.24583
4.08398
3.7734
3.93276
4.07507
4.10981
4.24841
4.30664
4.32868
4.41308
3.54195
4.09224
3.96565
4.11963
4.07201
4.12392
4.32687
3.83841
4.19807
4.03816
4.06804
4.45054
4.30148
4.00843
3.91875
3.69037
3.94985
4.43526
4.07209
4.07319
4.04957
4.55306
3.95398
4.29804
4.04934
4.21681
4.30612
4.37108
4.13933
4.58531
4.21877
4.04759
4.17872
3.73537
4.57067
3.75449
4.18628
3.94997
3.98471
3.80256
4.271
4.0915
4.28637
3.87596
4.00147
3.75376
4.26664
3.93823
4.23879
4.06611
3.98268
4.07481
4.00725
4.17322
4.32925
3.95771
3.90981
4.06833
4.06561
4.06004
4.15942
3.85724
4.1464
3.78662
4.47338
4.049
4.36826
3.81698
3.95151
4.32684
4.1275
4.12759
3.79326
3.88847
4.17244
4.02751
3.76908
4.08522
4.24995
4.29226
4.33337
4.42357
4.00002
4.13434
4.10443
3.96541
4.42625
4.17162
4.82926
4.27485
4.23954
4.61746
4.20889
4.39395
4.47056
4.46735
4.43387
4.04855
4.54738
4.24984
4.14801
4.30019
4.56096
4.48633
4.14278
3.91871
4.3467
4.03977
4.05759
4.43007
4.13042
4.36135
4.38307
4.46194
4.46869
4.34503
4.36339
3.84344
4.36333
4.52333
4.11012
4.10682
4.3207
4.163
4.33115
4.14805
4.27475
4.26654
3.90702
4.14691
4.44186
4.49664
4.27127
4.00639
4.28596
4.31291
4.19328
4.32743
4.1517
4.23312
4.76985
4.50599
4.20105
4.11397
4.08539
4.26966
4.40901
4.3533
4.43328
3.91568
4.26884
4.21536
4.22792
4.15582
3.97033
4.52459
4.10827
4.24363
4.29859
4.04417
4.33318
4.2428
4.16784
3.97875
4.02701
4.03443
3.93786
4.16649
4.57542
4.26355
4.2386
3.64377
3.94628
3.79259
4.03469
4.23023
4.39586
4.19461
3.92228
3.49325
4.33649
3.93127
4.47551
4.20084
4.01955
4.19924
4.0108
4.34486
4.06875
4.28481
3.8936
3.76308
4.25705
4.06939
4.0556
3.95643
4.41111
3.8234
4.51927
3.75739
4.51937
3.49255
4.30307
4.34503
4.15796
4.48138
4.04664
4.11906
4.08959
4.35057
3.81268
4.09182
4.29808
4.41785
4.06456
3.92632
3.68794
3.90456
3.91648
4.49539
4.53581
4.52162
4.15635
3.79123
4.1174
4.22858
3.91522
4.27374
4.61365
4.20308
4.31745
4.43699
4.16882
3.81105
4.33972
4.32008
4.25718
4.46506
3.93164
3.75791
4.0447
4.33661
4.08611
4.17494
3.68384
4.14251
4.37007
3.86786
4.06183
3.96742
4.10609
4.15801
4.31043
3.94015
4.06066
4.26914
4.20439
4.1525
4.44406
4.02041
4.08874
4.21246
3.88382
4.27162
3.97739
3.96826
4.14872
4.36241
3.97311
4.30638
4.00707
3.64799
4.3608
3.83059
4.32214
4.22903
4.37657
3.87873
3.81521
3.81329
4.22641
4.21513
4.65312
3.9765
4.01207
4.2098
4.17258
4.8914
4.12362
4.42087
4.31662
4.48493
4.19308
4.19262
4.03988
4.32794
3.97152
4.26837
3.84481
4.11376
4.3729
4.43262
4.19254
4.10846
4.38637
4.2414
4.36501
3.74341
4.3811
4.43706
4.09237
3.64736
4.13096
4.00458
4.10126
4.06321
4.11034
3.77422
4.23994
4.20469
4.30624
4.12827
4.11474
3.98332
4.00029
3.8298
4.17526
4.09593
3.87827
4.49716
4.32346
4.2037
3.88553
4.14462
4.57944
4.40651
4.41365
3.74423
4.45358
3.69002
4.08983
3.9496
4.12153
3.89479
4.22167
3.50595
3.78987
4.31652
3.89265
4.51736
3.92354
3.9344
4.2978
3.93026
4.29958
4.41915
4.32938
4.46499
3.86007
4.19039
3.76547
3.99963
4.21802
4.17133
4.14777
4.27578
4.24193
4.14518
3.9903
4.39934
3.95014
4.23245
4.3559
4.08471
4.45924
4.32256
4.00516
3.80453
3.71733
4.34828
3.91481
4.00379
4.03755
4.26356
4.0241
3.52753
4.7716
4.09752
4.22084
4.10874
4.40403
4.1052
4.51961
4.30631
3.92286
4.01709
4.3095
4.15969
4.33409
4.10647
4.10124
4.0375
4.47389
4.02459
4.24427
3.57573
4.19637
4.01768
4.28032
4.37152
4.15266
3.7752
4.36687
4.14933
4.36552
4.02542
4.0212
4.65088
3.83901
4.15804
4.32707
4.02458
3.78719
4.14085
3.94347
4.32812
3.6699
4.14667
3.76172
3.70161
4.19948
4.2842
3.92227
4.08284
4.24546
3.97044
4.14455
4.11119
3.97135
4.28741
4.14602
4.35735
3.87636
4.26761
3.72051
4.00989
4.00519
4.11554
3.99196
4.20713
3.87435
3.9446
3.99318
4.25594
4.07483
3.58771
4.19025
3.99528
3.84604
3.84489
3.87534
4.14367
3.8294
3.98927
3.73141
4.19545
4.01164
4.15076
3.95312
3.82805
4.16547
4.34968
3.68379
4.11336
4.03392
4.22261
4.07053
3.94192
4.10802
3.82534
4.42542
3.80564
4.25248
4.07484
4.17628
3.96562
4.14831
3.73894
4.07734
4.32019
4.54405
3.68055
3.91015
3.91404
4.23241
4.0463
4.06251
3.86143
4.24821
3.61033
4.21755
4.21661
3.9099
4.23742
4.07652
4.14285
4.33334
4.09244
3.97933
4.10403
3.96935
4.3552
3.67805
4.44047
4.14433
4.02659
4.17922
4.43524
4.03866
3.74768
3.82562
4.0078
4.31981
4.2698
4.19206
3.99065
4.35214
3.78031
4.26571
4.09487
4.40669
4.13835
4.07528
4.20515
4.45167
3.95882
4.18364
4.21828
3.89824
4.26907
4.25395
4.13863
3.80489
3.72412
4.20669
3.87991
4.35097
4.10218
4.18627
3.72728
3.90122
4.28235
4.03712
3.96399
3.99236
4.00471
4.099
3.77723
4.00724
3.90844
3.87236
4.28944
4.13621
4.1892
4.38164
4.18985
3.73856
4.10778
4.05173
3.55807
4.15497
4.09124
3.6063
4.03264
4.29134
4.28904
3.78366
3.88792
4.05955
3.99188
4.37153
4.0296
4.19183
4.6634
4.16294
4.20941
4.72425
4.53049
4.03393
4.40329
4.2784
4.15107
4.50488
4.54144
4.15035
3.7891
4.33405
4.19694
4.38169
3.68556
4.37792
4.24386
3.82108
4.04441
4.26627
4.33572
4.34167
4.2504
4.41649
4.18409
4.51368
4.2353
4.07338
4.51385
4.44077
4.56309
4.05783
4.05568
4.18594
3.94066
4.42317
4.11044
3.91553
4.07353
4.28011
4.32445
4.46107
4.22002
4.07427
4.52434
4.22012
4.32502
4.4307
4.50506
4.5523
4.50617
3.89103
4.18209
4.54059
4.24201
4.27014
4.55714
4.05879
4.35887
4.5992
4.21245
4.17965
4.27366
4.28052
4.29032
4.62268
3.54594
4.43782
4.31716
4.53041
4.40522
4.28714
4.14483
4.43047
3.84589
4.16523
4.17937
4.28296
4.2395
3.98695
4.18855
3.82214
4.00361
4.35375
3.77851
4.12166
3.94369
4.26433
3.92284
3.97183
4.30573
4.24752
4.02334
3.71398
4.18422
3.9881
3.8169
4.13133
4.47757
3.7305
4.02186
4.12139
4.36265
3.90565
4.4163
3.91705
3.84256
4.42993
4.49457
3.90222
4.2537
4.05488
4.334
3.88895
4.26518
4.0367
3.87732
3.91038
4.33806
4.09328
4.30686
4.14329
4.15776
3.86355
4.5919
4.04657
4.46826
3.96056
4.20593
4.21019
4.33271
3.89437
4.39056
3.90624
4.13521
4.32776
4.13299
4.21914
4.28285
3.82198
3.94975
3.81856
4.04724
3.64964
4.3904
3.924
4.0652
3.9104
4.48999
4.16354
4.16863
4.0707
3.87444
4.50241
4.20986
4.43217
4.2886
4.08
3.72401
4.1243
3.83837
4.39879
3.7198
4.15205
3.67104
4.04548
4.11421
4.21831
3.99288
4.4683
4.20699
4.26378
4.1039
3.71744
3.69633
3.93687
4.00936
4.38455
4.27635
4.28387
4.38556
4.31609
4.28288
3.79806
3.94334
4.13012
4.38197
3.89929
4.01612
4.30171
4.63963
4.28283
3.69999
4.05063
4.24539
3.8992
4.09095
4.26116
4.3249
4.14319
4.09645
4.19686
4.26255
3.87821
4.47163
4.23634
4.45238
4.71338
4.12413
4.05591
4.05777
4.08602
4.06805
4.59711
4.29759
4.41511
3.93475
4.42915
4.29122
3.97783
3.82159
4.02821
4.41297
4.10094
3.98287
4.52894
4.05993
4.26872
4.17169
4.52207
4.18772
3.861
4.1293
4.35611
4.08612
4.52264
4.6294
3.97274
4.04027
3.95785
4.26572
4.565
4.23801
3.92462
4.07304
4.14267
4.14741
3.936
4.1435
4.14739
3.93529
4.24063
4.36963
4.64166
4.16431
4.57584
4.18226
4.40028
4.27012
4.43939
4.15502
3.95988
4.38763
4.22159
4.38873
4.03517
4.18796
4.46749
4.05919
3.98844
4.2087
4.04779
4.33397
4.30395
4.11525
3.77262
3.9225
4.35169
4.30834
4.39254
4.67167
4.22797
4.43269
4.33207
4.25855
4.19598
4.23677
4.16572
4.34908
4.45396
4.34514
4.14609
4.19789
4.43837
4.30678
4.27435
4.19164
3.94842
4.12792
4.41116
3.89619
3.98454
3.90273
4.18499
4.1958
4.11396
4.10461
4.42749
4.10099
4.41837
3.97831
4.08194
4.22042
3.88776
3.94087
4.06045
4.00702
3.92767
4.13538
4.03551
4.1521
4.29786
4.34862
3.9914
4.12774
4.34487
3.90633
4.21821
3.60839
4.0057
4.42373
4.31176
4.0607
4.38369
4.05895
4.27115
3.92287
3.90982
3.87134
4.34496
3.83382
3.98212
4.29938
4.03553
3.91989
4.10455
4.14334
3.90198
3.97064
4.04486
4.07095
4.1082
3.99542
4.22499
4.40352
3.94329
4.45627
4.04162
4.26285
4.06461
3.94977
4.04328
4.34095
4.15552
4.16064
4.14233
4.37609
4.32118
4.31141
4.24043
4.10671
3.96097
4.02681
4.14095
4.21077
4.47
4.22431
4.35417
4.05824
3.8513
4.52834
3.97136
3.92081
4.18562
4.43569
4.10427
3.98562
4.44752
3.94314
4.4203
3.80324
4.358
4.43819
4.13988
4.40783
4.61561
3.70567
4.30689
4.10116
4.216
4.37361
4.28672
4.24731
3.5853
4.04651
4.19699
4.10717
4.25621
4.4204
3.96079
4.43393
3.90235
4.31467
4.35752
4.2578
4.71483
4.22268
4.67689
4.30814
4.54223
4.21929
4.0435
4.51572
4.39251
4.12545
3.635
4.03884
4.65213
4.20173
4.07927
4.36463
4.47794
4.49192
3.85227
4.27235
3.96682
4.6506
3.80911
4.49359
4.58331
4.46535
4.55673
4.03351
3.90285
4.46259
4.36384
4.06493
4.48108
4.18297
4.24128
4.54532
4.50423
4.19016
3.98324
3.79198
4.434
4.08872
4.33337
4.43652
4.20534
4.61453
3.92858
4.04869
3.82391
4.07193
4.09684
4.62217
4.25389
3.84054
4.16119
3.74884
4.3751
4.20773
3.84151
4.07697
4.02051
4.14413
4.20812
4.38502
4.4803
4.46279
3.77856
3.93605
4.42372
4.38032
3.58675
4.31914
4.17429
4.37857
4.30223
4.21749
4.25817
4.06229
4.18419
3.99916
4.17534
3.79683
4.00049
4.37261
3.8541
4.25096
3.87793
4.02482
4.40234
3.95878
4.45992
4.08612
4.03047
4.22591
4.40215
4.16815
4.237
4.15395
4.07582
3.96626
4.33169
4.04257
4.42105
4.56968
4.48025
3.75005
4.25206
4.17677
4.43071
4.19128
3.97878
4.22969
4.24782
4.22728
4.3329
3.72353
4.19937
4.12604
3.93581
4.00816
4.22341
4.02851
3.63001
3.98009
4.10437
3.90625
3.31778
3.98836
3.56616
3.80339
3.89546
3.80376
4.30002
4.14046
4.0683
3.9562
4.21666
3.81707
4.37869
4.30421
4.08582
4.27077
4.02113
3.99661
3.78313
4.10004
4.12168
3.92493
4.12059
4.11402
3.68056
3.97995
3.8632
4.23055
3.94185
4.12246
4.2428
3.74701
4.02364
4.47732
4.11601
4.15371
4.19618
4.21726
4.73241
4.16813
3.8201
4.10892
3.91021
4.02112
3.83471
4.02504
4.38857
4.12881
3.92674
3.99885
4.16091
4.18185
4.00873
3.82022
3.64212
4.23539
3.86946
4.3878
4.01672
3.89671
3.97483
3.69424
4.02187
3.77555
4.44014
4.12773
3.77321
4.3817
4.1082
3.78695
3.61057
4.44288
3.79279
4.46891
3.78524
3.87744
4.21449
3.88657
4.21738
4.04082
4.12643
3.96069
4.15178
4.18605
4.13478
4.24483
4.14736
4.13851
4.29715
3.97229
4.03665
4.33017
4.12733
3.94879
4.2072
4.63223
4.35507
4.28588
4.1878
4.37338
4.15831
4.31791
3.89308
3.85886
3.96036
4.41441
3.99597
4.30455
3.95902
4.1603
4.36657
3.87541
4.10271
3.91428
4.51693
4.02089
4.08676
4.34466
4.62814
4.45898
4.0443
4.32335
4.26136
4.09128
3.82537
4.26731
4.10514
3.86923
3.97691
4.40216
4.23108
4.35884
4.18937
4.04527
4.03229
4.51697
4.53591
3.98888
4.25466
3.94301
3.89688
4.03176
3.98453
4.10529
4.03213
4.4342
4.16577
4.398
3.60167
3.86234
3.88577
3.90955
4.38725
4.29055
3.8885
4.10179
4.06283
4.0556
4.39681
4.05669
3.68109
4.01442
3.97267
4.53977
4.14653
3.91329
4.16034
3.97219
4.2156
4.03781
4.03586
3.70619
3.58388
3.97303
3.87559
4.43401
4.23
3.91985
3.94445
4.07267
4.09517
4.38785
3.96998
4.11606
4.20861
4.43799
4.02738
3.73769
3.93992
3.39779
4.27017
3.81143
4.20645
3.95271
4.00695
3.98182
4.29754
3.76934
4.23398
3.95585
4.47257
4.31582
4.22554
3.83596
4.31869
3.84522
3.56775
4.23688
4.06529
4.02262
3.74061
3.88189
4.05731
3.68747
4.46721
3.79299
4.07757
4.12474
3.9419
4.07334
3.98298
4.03855
4.03493
4.24113
4.02017
3.98987
4.06468
4.38041
3.82669
4.07427
3.42874
4.28555
4.09563
4.23491
3.86399
3.93808
3.93118
4.02188
4.11221
3.88444
4.19218
3.8145
3.615
3.61905
3.81305
4.0763
3.68473
3.94556
4.22392
3.47688
3.71537
4.13198
4.13316
4.03947
4.19257
4.16942
3.95669
4.16333
4.2366
3.90559
3.96427
3.57467
3.75603
4.37822
3.93847
3.86403
4.10933
3.74814
3.70113
4.04667
4.08956
4.11382
4.02671
3.84216
4.2518
4.07239
4.24805
4.09106
4.46172
3.76496
4.33668
4.3915
3.97095
3.8962
4.1545
4.2244
4.20065
4.14478
4.23262
3.72038
4.16731
4.43437
3.93353
4.01709
4.39268
4.06446
4.24011
3.78354
4.27578
4.0313
4.45898
4.2141
4.10772
4.38612
4.28784
4.32538
3.97706
3.89042
3.52322
3.83178
4.34388
4.03343
4.03518
4.05253
3.93803
3.80539
4.0257
4.37623
4.11491
4.6021
4.50461
3.88823
3.77267
4.76257
4.22299
4.14207
4.48368
3.97708
4.21525
4.30646
4.352
4.01222
4.16577
4.203
3.93384
4.13015
3.99615
4.10188
3.79795
4.19916
4.17023
4.2678
3.85531
4.13697
3.83733
3.73409
4.35788
4.42179
4.05807
3.39963
3.71903
3.95266
3.82699
3.95675
3.62375
4.05584
4.19457
3.93532
3.85728
4.10569
4.2556
4.02734
4.04286
4.2042
4.22381
4.22883
3.87162
3.97258
3.83895
4.17711
3.68518
4.05739
3.9143
4.45802
3.94496
4.02955
3.69392
3.90205
3.81632
4.20558
3.82966
3.90317
4.02667
4.16174
4.48497
3.83503
4.11189
4.454
4.35342
3.92458
3.9945
3.92185
4.15683
3.50445
3.73622
3.83883
3.7611
4.12413
3.97992
3.64858
3.97608
3.92387
3.84277
3.92697
3.48776
3.81214
4.15758
4.19723
3.92001
4.00917
3.73904
4.48312
4.04218
4.25508
4.0756
3.66574
3.93316
3.89643
4.1049
3.86948
3.84006
4.28281
4.05692
4.28887
4.008
4.10409
3.89695
3.63589
4.23655
3.77966
3.94027
4.39811
3.98289
4.3428
3.72953
4.081
4.27671
4.34997
4.17312
4.19949
3.93646
4.03158
4.06368
3.63217
4.12509
4.11812
3.80337
3.75972
4.20583
4.02868
4.19866
3.67097
4.30428
4.09551
4.20821
4.38566
3.96577
3.75022
3.9703
3.80283
4.43454
4.28467
4.01777
4.28581
4.02133
4.09579
4.14158
3.89361
4.0155
4.16072
3.83373
3.75473
4.07961
3.58706
3.73612
4.09009
4.44331
3.82803
3.69927
4.07023
3.66615
4.44977
4.22696
4.25974
4.37055
4.01451
4.02817
4.00618
3.88485
4.26406
4.04962
4.19153
3.9519
4.01335
4.28732
4.04008
4.391
4.30422
4.04367
4.28866
4.01702
3.89971
4.15966
4.08681
3.90518
4.63544
4.25359
4.12096
4.01602
4.24621
4.09813
4.19925
3.81551
3.85403
3.98234
4.36121
4.00369
4.0301
3.69645
3.90739
3.98285
4.5237
4.06287
3.91432
4.12239
4.12382
4.31091
3.93073
3.86162
4.03737
4.24682
4.17486
3.9423
4.12765
3.86861
4.45727
4.21288
4.1072
3.62021
4.41048
4.05305
4.28315
4.20229
4.19781
4.11066
3.9209
4.19239
4.16588
4.22643
4.01432
4.20506
3.66139
4.02581
4.32714
4.43608
4.16156
4.19515
4.0961
4.30578
4.03618
4.41432
4.54867
4.35278
4.26131
4.51206
4.10241
3.92189
4.2908
4.35471
3.77527
3.80962
4.06461
4.14292
3.94017
3.76394
4.09369
4.21846
4.22664
3.65152
4.46034
4.3182
4.04541
4.20066
4.16893
3.97547
4.32412
4.28524
4.40038
4.22298
3.86643
4.18776
3.80186
3.57649
4.15229
3.99347
4.02499
4.41677
3.75852
3.87332
4.28446
4.37724
3.7342
3.68768
4.11297
4.24763
4.1198
3.96125
4.16509
3.90123
4.3171
4.27039
4.31526
4.30068
4.02329
4.01295
3.65486
3.78536
3.96839
4.24371
4.19319
3.98535
4.05795
4.5729
4.05919
4.24752
4.12149
4.03707
4.3858
4.02838
4.03182
4.02452
4.12873
3.92121
3.79402
4.12785
4.00065
3.75939
3.97745
3.97916
4.1681
3.58649
4.20122
4.10998
4.20018
3.5806
3.91954
4.13402
4.27149
4.26512
4.23799
4.29145
3.90412
4.134
4.34124
3.92778
3.82766
3.9708
3.86379
4.24473
4.01203
3.79391
4.13655
4.31847
3.99908
3.79802
4.17368
3.71178
3.87211
3.98137
4.33487
3.50726
3.97372
4.28857
4.07133
3.88475
3.95269
4.30885
4.32456
3.90129
3.94765
3.93649
4.24659
3.94319
3.90245
4.24141
4.17603
3.84648
4.35387
4.04965
4.50516
4.10047
4.6561
4.27762
3.62538
4.00867
3.82992
4.15415
3.95165
4.29048
3.86331
4.0477
3.84742
3.627
4.08578
3.70788
3.84998
4.21812
4.03059
3.91918
4.05256
4.09575
4.3449
4.2891
4.24839
4.37676
3.90157
4.42601
3.92382
3.70465
3.8583
3.98368
3.97239
3.77736
4.17908
3.91879
4.00506
4.09455
4.09466
3.86363
3.73291
3.98854
4.02589
3.88064
4.02402
4.19378
3.83478
3.82017
4.21622
4.07257
4.51371
4.09579
4.06909
4.15106
4.34761
4.16073
4.13169
3.64911
4.20686
4.02233
4.09264
4.11067
3.85524
4.08078
4.20999
3.95869
4.02758
4.14079
4.26718
4.4637
4.19194
4.25367
4.04762
4.28413
4.09579
4.33615
4.08676
3.92053
3.74581
3.75445
4.19429
4.05614
3.96296
3.98469
3.91853
4.19743
4.27805
3.9335
3.98648
3.94533
4.15589
3.91463
4.12187
3.95866
4.35076
4.58067
3.73519
4.22459
4.11214
4.29182
4.20182
4.08893
3.83098
4.06804
4.17651
3.84635
4.12342
3.80538
3.95041
3.82871
3.99991
4.31295
4.299
4.13924
4.27513
4.24424
4.23776
4.32565
4.094
4.27365
3.9475
4.34899
4.7049
4.52032
4.17473
4.2329
4.14809
3.87715
4.42059
4.14814
4.17272
4.30439
4.22813
4.00738
3.79194
4.06054
4.1311
3.71167
4.05162
3.64103
4.3514
4.22441
4.43138
4.14538
4.15531
4.14993
4.56755
4.33611
3.88159
3.60431
4.12992
4.2559
3.9624
4.00029
4.08276
4.26102
4.08202
4.14746
4.04567
4.05907
4.12628
4.40739
4.03709
4.14565
3.94618
4.28027
4.08992
3.89067
4.22251
4.32625
4.22198
4.10238
4.29323
4.23005
3.87396
4.5504
4.23985
3.67935
4.21548
4.41512
4.1042
4.38058
4.19293
4.38784
4.47306
4.44157
4.06558
3.62904
4.12681
3.82606
3.89514
4.56873
4.08522
4.21951
4.35255
4.21982
4.37867
4.22783
4.20879
4.0347
3.98596
3.98085
4.15428
4.78818
4.04473
4.42876
4.35114
4.20314
4.24804
3.82941
4.00019
4.02406
4.3187
4.394
4.05625
3.98061
4.24202
4.35497
4.02759
4.52695
3.81249
4.11696
4.44371
3.61195
3.85808
4.45694
4.40722
4.38648
3.85081
4.09554
4.41664
3.84236
4.28182
4.4625
4.05383
4.33392
4.07465
3.83306
3.91161
4.0182
4.06848
3.86548
4.06835
3.80761
3.83669
3.64123
3.80958
4.13146
4.16394
4.20328
3.83431
4.24401
3.39059
4.1621
4.14166
4.29573
3.59194
4.03364
3.91446
3.62484
4.1321
3.77679
4.26672
3.34944
3.6186
3.91893
4.30253
3.85096
4.11937
4.1379
3.77357
4.12506
4.0469
4.01017
4.15712
3.90848
3.89314
3.77342
4.01704
4.05298
3.64434
4.04931
3.90675
4.01041
4.37603
3.55323
4.34348
4.02703
4.16621
4.13751
3.55035
3.63511
3.85102
4.28209
4.5059
4.41247
4.06324
3.78244
4.05629
4.15956
4.14187
4.00774
4.48726
4.14196
3.91448
4.20772
4.4254
4.45678
3.77954
4.01523
4.04356
4.41583
3.90712
3.96775
4.12246
3.88807
4.14241
3.94175
3.86529
4.14839
4.30143
4.25267
4.33332
4.14007
4.05413
3.61432
4.28775
4.08954
4.20837
4.27245
3.95432
4.24951
4.23078
4.51038
4.31246
4.30772
4.30817
4.18868
3.83488
4.17963
4.2145
3.66455
4.07216
4.14272
3.93158
4.39973
3.96928
4.1436
3.93948
3.99827
4.19786
4.17511
4.32526
4.06339
4.09188
4.30953
4.16924
4.4027
4.06618
4.26394
3.84795
4.17218
4.27733
4.4073
3.95966
4.31546
4.44787
4.32901
4.08941
3.79601
4.05873
4.23058
4.091
4.08923
3.96502
4.27321
4.14245
3.85113
4.31918
4.44603
4.42574
4.35701
4.23369
3.92117
4.28084
4.16158
4.1806
4.22983
4.13739
3.94188
4.19625
4.1051
3.98812
4.13951
4.19138
4.03434
4.17047
4.04496
4.24726
4.21127
4.15479
4.10283
4.14487
3.95873
4.06905
3.83203
4.06603
4.22213
4.10527
4.41738
4.27593
3.98865
4.28583
4.43823
4.38981
4.58012
4.34763
3.61941
4.3605
4.41145
3.9319
4.39242
4.17534
4.478
4.27762
4.0689
3.98239
3.86482
4.18912
4.18108
4.04546
4.08774
4.25501
3.75873
4.05908
4.64293
4.28774
4.51403
4.2512
4.26896
4.7161
4.20538
3.96131
4.46981
4.08469
3.84592
4.53408
4.38745
4.05147
4.57994
4.17356
4.36642
3.92605
3.68334
4.18036
4.21888
4.03906
4.3581
4.25095
4.0384
4.33277
3.9326
4.44512
4.5018
3.9861
4.09595
4.1292
4.42414
3.94344
3.83475
3.87935
3.66591
4.0422
4.0417
3.96782
4.14394
4.06963
4.0842
3.97852
4.12603
4.24777
3.8777
4.52118
4.20877
3.89235
3.98461
4.07526
4.11578
3.71752
3.94631
4.33947
4.27618
4.36262
3.66923
3.95347
3.78613
4.04134
4.01302
4.05941
3.98601
4.34862
4.28508
4.21374
4.08264
4.20314
4.41118
3.84455
3.89292
3.94985
4.16988
4.40833
3.80753
4.39497
3.98108
3.70398
4.27807
4.02661
4.25384
3.87167
4.10032
4.05382
4.32027
4.69605
3.77325
4.13396
4.04165
4.40315
4.50127
4.57002
4.68162
4.30315
4.24796
4.23671
3.99112
3.92697
4.20202
4.33041
4.0775
4.2063
3.95004
4.33818
4.2511
4.07627
4.46234
4.15889
4.04208
4.08348
3.81506
4.00608
4.14224
3.66988
4.23389
4.0956
4.22102
4.46421
4.20345
4.42675
3.83355
4.04485
4.12248
4.39084
4.12726
4.25263
4.16418
3.90825
4.126
4.45418
4.47138
3.92019
4.25281
4.42001
3.7546
4.31336
3.94511
4.7934
4.19405
3.97422
4.49869
4.136
4.02702
4.49382
4.24714
4.05398
4.26044
3.84564
4.00043
4.02426
4.12662
3.72193
4.0354
4.22581
3.6371
3.85394
4.20536
3.7842
4.25944
3.86397
4.29105
4.0819
4.02397
3.92149
3.73937
3.91394
4.31125
3.70373
3.59669
4.04043
3.92361
4.07462
4.08848
3.81052
4.10449
4.00841
3.69426
3.75487
3.86296
4.00282
3.46913
3.9428
4.12701
3.78167
3.86862
3.87541
4.08478
4.26363
4.27504
4.32503
4.13813
3.97553
4.09198
3.9347
4.14835
4.02942
4.43817
4.33333
3.52184
3.8747
4.09315
4.43079
4.13307
4.21817
4.16198
4.20526
4.07666
3.97704
3.93141
4.37069
3.81722
3.96839
4.37536
4.27753
4.53989
4.09578
4.08695
4.10629
4.15855
3.99929
4.44984
4.09168
4.08217
4.68684
3.87374
4.04842
4.09716
4.14036
4.30603
3.83604
4.11619
4.10419
4.28454
3.80595
4.39955
4.30696
3.8716
4.2215
3.83415
3.98592
3.99824
4.06254
4.23634
4.24652
4.02408
4.07391
4.0613
3.93207
4.17714
3.98692
4.23673
4.26305
4.36395
3.91944
4.32985
3.96267
3.8591
4.52569
3.84803
4.12686
4.20682
3.96167
4.6892
4.07213
4.1927
4.19718
4.06628
4.2152
4.16664
4.06282
4.23149
4.31565
4.21704
4.11217
4.36791
3.93929
4.47334
4.34871
3.87101
4.15925
4.50863
4.32962
4.08052
4.60557
4.19682
3.77234
4.39275
4.2126
4.26213
4.20589
4.11925
4.30536
4.47886
4.37126
4.05207
4.23962
3.84741
4.44632
4.29584
4.37969
4.03278
4.26331
3.84137
4.03625
4.255
4.2395
4.21658
4.31443
3.73685
4.40394
4.08999
4.22632
4.09984
4.55916
4.09447
4.27687
4.08863
4.19572
4.28631
4.13086
4.32656
4.14195
4.14434
4.40567
4.72059
4.42786
4.58914
4.64719
4.4286
3.78847
4.03938
4.20206
4.08875
4.62111
4.02356
4.37299
3.59707
4.52446
4.19725
3.88503
4.25557
4.22647
4.26931
3.66082
4.13001
4.52468
4.34149
4.0628
4.12734
3.95576
4.11696
3.86568
4.28074
3.95273
4.60081
4.24452
3.9443
3.85962
4.28075
3.82854
4.18688
3.90684
4.19028
4.11364
4.56582
3.68603
4.16198
4.09634
4.24465
4.20282
4.37064
3.78879
4.3529
4.34251
4.23294
3.94053
4.18353
3.8959
4.2143
3.99348
4.23256
4.04271
4.25018
3.7677
4.19172
3.97583
3.92001
4.41498
4.25487
3.94624
3.89372
3.67947
4.39054
4.22232
4.21327
4.27241
4.03062
4.07193
3.86344
4.31183
4.52136
4.29702
4.20027
4.11564
4.01553
3.89501
4.23561
4.46849
4.13033
4.37102
4.06861
4.2387
4.64025
3.89583
4.14892
4.15275
4.55913
4.32176
4.10301
3.98684
4.4121
4.22977
3.99738
4.28745
4.33079
4.35377
4.01866
4.15671
3.94848
4.25089
4.497
4.40009
4.31093
4.37084
4.17066
4.78782
4.09244
3.96816
3.79901
4.23933
3.93306
4.15899
4.17516
3.67432
3.75794
3.91556
4.18599
3.76997
4.23524
3.93826
3.86479
4.2555
3.49293
4.32445
3.91096
3.98684
4.03404
4.16816
4.22194
4.39592
4.09381
4.08396
3.93391
4.04072
4.34488
4.46504
4.18449
4.11251
4.35804
3.76603
4.21438
3.94198
4.32082
3.80402
4.08708
3.8745
4.04376
4.06478
4.16497
4.3437
4.08248
3.75058
4.2908
3.8119
4.09487
3.83278
4.154
4.03848
3.65461
3.66801
3.90415
3.70108
4.06962
4.17175
4.19783
4.07559
3.97119
4
4.02333
4.10299
3.95055
4.07183
4.08674
4.24897
4.0011
4.3763
4.25701
4.16309
3.89064
4.08701
3.92502
4.32771
4.04061
4.25269
3.96059
4.14402
4.31508
3.901
3.99697
4.17628
3.63736
3.67011
3.93246
4.25848
3.93549
3.90889
4.02968
3.61317
4.27484
4.10967
4.14127
4.21049
4.15017
4.09925
3.88786
4.2626
4.27415
4.13825
4.12474
4.01165
4.18539
3.74973
4.00809
3.84675
4.34841
3.97146
4.24031
4.18494
4.15141
4.22749
4.36426
4.28776
4.02712
4.42041
4.16848
4.50957
3.97753
4.09866
4.33497
4.36773
4.06806
4.29616
4.03592
4.39038
3.97288
4.05325
3.63766
4.03166
4.32642
4.42866
4.1807
4.28976
3.84378
4.58601
3.83509
4.05258
4.05203
4.60262
3.95766
4.23837
3.72388
4.29118
3.97875
3.91039
4.58088
4.40507
3.90648
4.13826
4.18667
4.13635
4.49928
4.22806
4.68425
4.3312
4.28347
4.23705
3.97297
4.45883
4.16079
4.26153
3.99238
4.13468
4.17981
4.0195
4.18195
3.96276
4.51627
3.94698
3.99856
4.26698
3.97343
3.97809
4.41525
4.55381
4.50362
4.01415
3.72798
4.32822
4.3052
4.34627
4.08215
4.24031
3.69499
4.20303
4.08885
4.43217
4.43823
3.95882
4.2137
4.0286
4.05177
4.25334
3.95202
4.05898
4.43334
4.04599
4.23935
4.27068
4.50078
4.12024
4.02844
4.45448
4.16228
3.90125
4.03688
3.97618
4.45574
4.33972
4.18377
4.48931
4.12124
4.17835
4.00628
3.88301
4.32787
4.28718
4.50167
3.77795
4.42792
4.30596
4.32222
4.03886
4.49652
4.19738
4.05056
3.42479
4.24728
3.73687
4.11113
3.91979
3.84901
3.94383
4.17533
4.04471
4.21948
3.9381
4.39257
3.80003
4.20609
4.28881
4.27124
4.5409
4.14849
4.30551
3.77119
4.23809
4.2674
4.19036
4.33459
3.70005
4.4006
3.68498
4.51724
3.95604
3.8008
3.99674
3.97818
4.24035
4.21047
4.18049
4.39974
3.67073
4.2312
4.05329
3.74965
3.77538
4.15471
4.12952
4.42237
4.09258
4.14091
4.07461
4.29412
3.81031
4.16726
4.02587
3.87709
4.20511
4.50011
3.4266
4.03123
4.4242
4.0007
3.81121
3.97541
4.12684
4.45097
4.21623
4.125
4.73818
4.34661
4.42114
4.33595
3.92083
4.03272
3.64039
3.84613
4.37404
4.31734
4.14553
4.18358
3.91802
4.2454
4.33507
4.28835
4.22207
3.75307
4.16308
4.17931
3.98193
3.88621
3.86944
3.5118
3.80692
3.88836
4.07195
4.07144
4.10565
3.83987
4.21411
4.42109
3.97318
3.82894
4.01577
3.98932
4.24026
4.07117
4.03115
4.34033
3.93179
3.92858
3.7688
4.21075
4.14272
3.80994
4.14606
3.67951
4.03612
4.15211
4.11716
4.11916
3.96786
4.13613
3.81742
3.83344
3.63157
3.72793
3.89442
4.13287
4.26895
4.06987
3.98087
4.09608
4.48507
3.84777
3.93953
4.37425
3.8742
4.06915
4.31302
4.43406
3.84755
4.28208
4.03889
4.15328
3.60286
3.78971
4.15896
4.18534
4.0259
4.50743
4.25002
4.27709
4.36915
3.97444
3.86073
4.00189
4.39089
4.08246
3.97153
3.72803
4.40566
4.244
4.27638
4.34059
4.07994
3.7911
4.11905
3.92822
4.05885
4.28971
4.12943
3.97394
4.06161
4.15704
4.0973
4.49257
4.23541
3.94161
3.90572
4.4715
3.99511
4.03248
4.15169
4.12418
3.72612
3.97261
4.03653
3.99447
3.76813
4.38639
3.80416
3.78547
3.71629
3.90777
3.91677
4.15124
3.78822
4.43227
3.72995
3.70807
3.77739
4.15982
4.3431
4.42434
3.60569
3.74552
3.78639
4.00297
4.04685
3.80199
3.9598
4.21693
4.41277
3.83772
3.85536
3.8796
4.01178
4.37456
3.89714
3.55391
3.98078
4.10101
3.98543
4.18356
3.63965
4.12897
4.02878
3.69763
3.83806
3.54643
4.13173
4.22138
3.89312
3.87486
4.11362
3.91312
3.98711
4.11696
4.14464
3.95176
3.73383
4.08581
3.92191
4.43862
3.75186
4.13304
4.17449
4.17801
4.25804
3.73356
4.30379
4.40955
4.12693
4.28504
4.04494
4.23959
4.22421
3.90467
4.30699
3.88797
4.17669
4.16884
4.15351
4.00085
4.18266
4.24231
4.05153
3.91112
3.95371
3.97412
4.12563
4.35248
4.31365
3.37358
3.57707
4.10429
3.71789
3.98169
4.00685
3.85301
4.1142
4.00399
3.82875
3.85025
3.93182
4.06201
4.02821
3.95646
4.16966
3.94473
3.9343
4.16179
4.00656
4.13867
3.81912
4.18062
3.92884
4.26846
3.71641
4.01979
3.65966
3.74102
4.49234
4.13876
3.82824
4.04005
4.23213
3.82373
3.42804
3.77627
3.88345
3.85659
3.95448
4.02563
4.21146
3.75863
3.7111
3.95181
4.10548
3.81155
4.24405
4.04427
4.19626
3.67145
3.55916
4.06296
4.01463
3.66376
3.81179
3.81888
3.89432
3.92362
4.08771
3.86888
3.67215
3.78021
4.06801
3.96416
4.08604
3.97575
4.18004
3.905
3.8348
4.30905
3.92487
4.08423
4.10632
3.86113
4.22068
4.08617
3.8665
3.99175
3.84404
3.82985
3.94313
4.00666
4.1488
3.99799
4.1095
4.25942
4.17757
3.84948
3.9505
4.15506
3.82931
3.64305
3.97797
3.60037
4.45285
3.94802
4.17756
4.0918
3.75217
3.99564
3.81367
3.38905
4.07776
4.08221
4.25987
3.87829
4.59182
4.48845
4.31934
4.35621
3.56066
4.3442
4.00494
3.93313
4.05378
4.05688
4.01545
4.45784
4.19754
4.01333
4.03015
4.43001
4.12998
4.1163
4.18023
3.93163
3.99876
4.39461
3.93619
3.83901
4.11515
4.05054
3.95719
3.9922
4.00717
4.41433
4.29013
3.88632
3.9159
4.11242
4.11289
4.36857
4.07455
4.16175
4.0454
4.26337
3.85827
3.98562
4.08364
4.29104
4.1996
3.8591
4.23671
4.34737
4.02967
3.97726
4.04257
3.72448
4.17154
3.51317
4.11722
3.89115
3.88788
4.39194
3.83971
4.09279
3.92067
4.65009
4.28046
4.25683
4.0043
4.25365
3.89295
4.37875
4.27421
3.82393
4.18661
3.56155
4.16974
4.3838
3.97896
4.3365
4.2411
4.38506
4.18318
4.09322
3.89355
4.20553
3.75711
3.74127
4.11804
4.36881
3.80473
3.96625
4.3374
4.2901
3.8359
4.16617
4.36511
4.4454
3.97939
4.05841
4.20907
3.89662
3.89879
4.04058
4.22274
3.69976
4.16432
4.37701
3.67841
4.20399
4.37325
4.06256
3.82485
3.84742
3.75313
4.71476
3.79472
4.44345
3.74553
4.07876
4.1558
3.63177
4.12126
3.65207
4.20256
4.569
4.22245
4.26297
3.89934
4.44313
4.16451
3.83759
4.40929
4.15989
4.31848
3.77585
4.12325
3.95664
4.4773
3.97017
4.39444
4.01133
4.10717
4.39283
4.03161
4.15083
4.36171
4.13727
4.21916
4.08611
4.31008
4.32642
4.24385
4.32316
4.4834
4.28144
4.27273
3.90954
4.21645
4.06407
4.35434
4.44733
4.38292
4.30802
4.51591
4.111
4.32631
4.16463
3.7746
4.00786
4.37944
4.40232
4.35854
3.82295
4.312
4.3696
4.137
4.44917
3.87799
4.17388
4.53865
4.04596
4.40265
3.97212
3.96296
4.37311
4.2175
4.46187
4.54183
4.57095
4.51464
4.43748
3.9617
4.15051
4.18962
4.49712
4.35432
4.22895
4.10141
4.30986
4.27483
4.25198
4.05094
4.19094
4.21353
4.04122
4.14792
4.11369
4.01025
4.20885
3.96757
4.1716
4.20943
3.98633
3.85841
4.43593
3.76496
3.70514
4.19322
4.31905
3.95827
4.05174
4.21289
3.88459
4.05704
4.08638
4.16547
3.99071
3.75276
4.17097
4.18797
4.19194
4.49791
3.96782
3.72751
4.03596
4.11984
4.11673
3.7781
4.32399
4.11511
3.87035
3.8238
3.89114
4.15
4.28772
4.16414
4.26755
4.22634
4.08981
4.12695
4.03423
4.28578
4.13436
4.24854
4.25463
3.94061
4.3561
4.32942
4.21083
3.86739
4.07567
4.4263
4.19646
3.70752
4.10839
4.13954
4.10121
4.42371
4.053
4.00687
3.7679
3.84001
4.10625
4.34536
4.05797
4.37641
4.22602
3.88938
4.19334
4.41916
4.23937
4.41391
4.17383
4.38072
3.87119
4.24471
4.07382
3.64785
3.76006
4.46115
3.75943
4.20895
4.18691
4.31085
4.20626
4.17442
3.77533
4.05483
4.03341
4.09421
4.01791
4.27719
4.28759
3.90324
3.7733
4.1305
4.0686
3.93203
3.78988
3.73687
3.96852
3.98364
3.9138
4.01909
3.97992
4.43155
4.12017
4.34735
4.03165
3.8018
4.14711
3.77301
4.07181
3.99221
4.2001
4.32079
4.15315
4.10821
3.7522
4.08724
4.25616
4.05105
3.75083
4.23906
4.17424
4.17223
4.0938
4.19139
4.33777
3.90829
4.23202
3.8321
4.34051
4.43118
3.88643
4.43451
4.16512
3.9358
3.75279
4.03305
3.72217
3.89517
4.0173
4.03565
4.46104
3.94574
3.82563
3.79502
4.32809
3.73961
3.82221
4.71838
4.24714
4.27927
4.19704
4.07593
4.22177
4.23809
4.46606
4.24188
4.0814
4.06151
4.42471
3.95774
4.11365
4.05557
4.1046
3.75499
4.1597
4.11011
3.997
4.14624
3.76373
4.08642
4.07891
4.16201
4.18066
4.38646
3.92239
4.35324
4.3091
4.03252
4.38307
4.10646
4.47706
4.02464
4.36962
4.26226
4.02714
4.02947
4.24267
4.35148
3.86214
3.92417
4.04361
4.2345
3.97503
3.79625
4.49188
4.57702
4.14934
3.99551
4.3207
3.74821
3.9432
4.02397
4.16911
4.44728
4.1081
3.62399
4.4442
4.21442
4.10185
4.18091
4.48687
4.40914
4.04708
3.98454
4.15661
4.40253
3.93042
4.28018
4.19099
3.76838
4.26473
3.92616
4.07342
4.29506
4.32062
4.35785
3.99328
3.90011
4.23578
4.13143
4.11369
4.11141
4.09085
4.54838
4.46387
3.95417
4.21985
3.92433
3.68593
4.15255
3.95602
4.09221
4.04943
4.28429
3.91003
4.20217
3.80132
4.17901
3.99624
3.92515
4.16041
3.9588
3.51916
3.88693
4.07685
4.07175
3.81964
4.12221
4.28256
4.19237
3.94808
3.9205
4.31876
3.89035
3.96313
3.75944
3.98901
3.74684
3.98037
3.61719
4.17388
3.93668
3.81332
3.90323
3.93055
4.28465
4.32945
4.04791
3.92506
4.37789
4.31207
4.51775
3.65823
4.26136
4.20939
4.06821
4.68607
4.0496
3.90412
3.97529
4.0615
4.06675
4.03895
4.02444
4.26245
4.21711
3.79613
3.97248
4.16243
4.54738
4.08892
3.82561
4.08713
3.93994
3.89069
4.3391
4.28631
3.908
4.28504
3.87053
4.42381
4.52812
3.80968
4.00295
4.24686
