18.298
18.2876
18.241
18.1015
17.907
18.3796
18.6189
17.978
18.1382
18.0089
18.4204
17.765
18.0194
18.0539
17.7505
17.9849
18.3031
17.8343
18.1301
18.1204
18.0664
18.4402
18.2983
18.0451
18.4527
17.9072
17.896
17.9572
18.4973
18.3518
18.2129
18.0275
18.0772
18.3527
18.6295
18.314
18.4683
17.8901
17.6683
18.4282
18.3852
18.569
17.9735
18.1071
18.0722
17.86
18.4757
18.1447
18.409
18.5033
18.0839
18.3386
18.1346
18.435
18.1127
18.6579
18.091
17.7291
18.0985
18.1038
18.1944
18.3369
17.9714
17.8704
17.9866
17.9491
18.2214
18.4266
17.955
18.4259
17.9366
18.0842
18.5265
17.897
18.0271
18.1415
17.8229
18.6823
18.1702
17.9271
18.0078
17.8731
18.4351
18.25
17.9455
18.5276
17.7622
18.4776
18.4251
18.0973
18.423
17.4333
18.2273
17.6737
18.4815
18.3795
18.4989
17.9256
18.452
18.4017
18.4859
18.1989
18.2332
18.443
18.7532
18.3378
18.2552
18.4357
18.7316
18.1043
17.9586
17.9473
18.2777
18.1503
18.2849
18.2306
18.3076
18.2961
18.4534
18.1277
18.5519
18.2582
18.2431
18.6296
18.3721
18.2505
18.1802
18.3032
18.2368
18.0981
18.0926
18.0298
18.6147
18.2474
18.2306
18.5104
18.0482
18.0492
18.1361
18.5919
17.9028
18.3425
17.8926
18.1108
18.1022
18.4446
18.4431
17.9326
17.99
18.2372
17.9462
18.1974
18.4407
18.5576
18.0605
18.0733
18.2396
18.0445
18.0806
18.1483
18.3353
18.1217
18.3011
18.0381
18.1887
18.4446
18.2094
18.3789
18.1293
18.3036
17.964
18.7647
18.3406
18.2625
18.108
18.5933
18.3015
18.1836
18.1947
18.6141
18.3883
18.3041
18.1841
18.2484
18.4886
18.2832
18.1805
18.363
18.4491
18.2349
18.2039
18.0892
18.7462
18.2785
18.3317
18.5138
18.3926
18.828
18.1564
18.3187
18.3332
18.2071
17.9309
18.0644
17.7723
18.2659
18.0412
18.0682
18.0912
18.2083
18.5617
18.0304
18.0076
18.3166
18.442
18.4543
18.1519
18.4056
18.4892
17.9189
18.2099
18.1605
18.2363
18.5274
18.6978
18.4833
18.3428
18.0008
18.0693
18.4639
17.9898
18.2096
18.3312
18.1939
18.0332
18.3226
18.4676
18.2099
18.0179
18.5289
18.2964
18.2998
18.1113
18.4008
18.2634
18.5365
18.1529
18.5179
18.1815
18.1954
18.6302
18.1061
18.2225
18.077
18.6989
18.0955
18.2219
18.1365
18.0834
17.9064
18.1099
18.4675
18.6286
18.3165
18.3962
17.7715
18.5296
18.443
18.4551
17.9122
18.3805
18.6975
18.2938
17.7348
18.0009
18.2951
18.0914
18.2911
18.4528
18.4
18.5372
18.1082
18.3977
18.031
17.8823
18.3341
18.1869
17.9111
17.9586
18.4534
18.1121
18.3573
18.3445
18.1849
18.1751
18.2103
18.4173
18.1559
18.3834
18.2469
18.6376
18.2525
17.6117
18.1526
18.2011
18.1259
18.6823
18.4338
18.1078
17.8912
18.3379
18.1107
18.1521
18.1814
18.4255
18.1522
18.1696
17.8699
18.413
18.5793
18.027
18.2271
17.8624
17.9181
18.2323
18.5858
18.6813
18.6015
18.334
17.9312
18.4305
18.5447
18.3747
18.24
18.5183
18.4767
18.2252
18.2464
18.3297
18.723
18.2255
18.2548
18.1341
18.1954
18.0827
18.6377
18.1826
18.2403
18.1292
18.0506
17.9707
18.2879
18.5918
18.756
18.5425
18.286
18.0797
18.3005
18.8323
18.1935
18.2674
18.1582
18.1598
18.51
18.1423
17.8219
18.4096
17.8711
18.4452
17.8383
17.8976
18.6908
18.5237
18.0805
18.8431
17.6106
18.3238
18.1911
18.3212
17.9665
17.7353
18.2402
18.4862
18.2661
18.0878
18.3522
18.0193
18.4987
18.3807
18.4792
18.0005
18.6495
18.3259
18.3297
17.7851
18.1944
17.863
18.0375
17.7675
17.8904
18.1881
18.3426
18.2507
17.6756
18.0827
17.8872
18.1102
18.0321
18.0262
18.3419
17.842
17.7848
18.0025
17.9285
18.2503
18.3078
17.8609
17.9927
18.1839
18.1341
18.3907
18.2457
18.1385
17.807
18.0676
18.2611
17.978
18.6065
17.4275
17.9954
17.5677
17.9797
18.0605
18.03
18.0709
17.8369
17.8258
17.7233
17.9972
17.8691
17.7874
18.3324
17.9963
18.038
18.0643
18.2176
18.3917
18.1254
17.8438
17.8674
17.9165
17.9317
18.3261
18.5317
18.0166
18.0379
18.0123
17.8466
18.0969
18.0455
17.765
17.57
17.9242
18.2696
18.0269
18.103
18.6154
18.0382
17.9965
17.9965
17.9685
18.2063
18.0316
18.1787
17.7217
17.9511
18.0906
18.1944
17.8148
17.7433
17.939
17.805
18.6848
18.0657
18.25
18.4704
18.4925
18.148
18.3511
18.27
18.4097
17.909
18.0776
18.4713
18.1601
18.0593
18.4964
18.02
18.0135
18.4488
17.9742
18.0181
18.4982
18.1153
17.9414
18.1344
18.4382
18.0554
18.5584
18.1573
17.9862
17.9401
17.8603
18.2832
18.5426
18.4592
18.1359
18.0673
18.1721
18.0513
18.42
18.9109
18.1822
18.2674
18.1337
18.3754
18.2324
18.3947
18.1262
18.3335
18.1671
17.6175
18.507
18.6183
18.2738
18.4416
17.8677
18.4032
18.4138
18.5346
18.2606
19.0119
18.3808
18.1486
18.2184
17.9416
18.5456
18.6792
18.2087
18.506
17.8961
17.8301
18.2442
18.3039
18.1241
18.1299
17.9746
18.1694
17.9206
17.8812
18.3918
18.208
18.1374
18.1597
18.1711
18.3478
18.4477
18.2855
17.8645
18.0269
18.6228
18.2964
18.6448
17.9088
18.2634
18.4005
18.3306
18.4253
17.9799
18.2679
17.8317
18.496
17.9508
18.7074
18.2739
18.3557
18.0711
18.1483
18.3143
18.5117
17.7042
18.2287
18.5077
18.1251
18.382
18.347
18.3362
18.5374
18.0233
18.4638
17.9997
18.3392
18.189
18.038
18.5707
18.0318
18.3686
18.2127
18.537
18.2032
18.3593
18.128
18.5641
18.661
18.302
18.3855
18.3489
17.9263
17.9717
18.2881
18.524
18.3234
18.3237
18.3309
18.2295
18.1007
18.1883
18.399
17.9344
18.0335
18.2888
18.6535
18.2908
18.5553
18.411
18.0004
18.1452
18.1953
18.2961
18.3981
18.8871
18.4691
18.3902
18.0773
18.3576
18.4156
17.9029
17.9656
18.4857
18.2449
18.1974
18.3727
18.3279
18.4286
18.3522
18.5391
18.0865
18.5337
18.56
18.2825
18.5808
18.644
18.3525
18.3721
17.9267
17.9694
18.3435
18.4005
18.4435
18.9524
18.0838
18.0298
18.4096
18.4473
18.6281
18.229
18.0835
18.2913
18.0681
18.5529
18.5817
18.1436
18.4329
18.5959
18.5655
18.5026
18.3675
18.4932
18.5573
18.1999
18.0948
18.1654
18.4281
18.7662
18.4991
18.3691
18.2283
18.2742
18.4102
18.4522
18.8737
18.7449
18.4907
18.3575
18.525
18.555
18.3382
18.5069
18.6945
18.6941
18.8407
18.2893
18.7105
18.9495
18.5743
18.5904
18.7308
18.6415
18.3536
18.5312
18.4541
18.6604
18.652
18.5567
18.5445
17.9884
18.2147
18.1807
18.1362
18.7093
18.4893
18.6922
18.9646
18.3942
18.1941
18.2068
18.5606
18.5393
18.2606
18.1651
18.3239
18.4255
18.6933
18.2789
18.4145
18.8519
18.3774
18.4509
18.5517
18.6115
18.4655
18.2008
18.2156
18.2368
18.1045
18.5933
18.3304
18.183
18.1717
18.6489
18.5518
18.2931
18.3828
18.8414
17.922
18.0464
18.2481
17.8755
17.6232
18.3081
18.6656
17.9198
18.3485
18.3826
17.8974
18.1743
18.238
18.0533
18.2281
18.2055
18.3161
18.7037
18.1473
18.2218
18.0704
18.1258
18.5233
18.1283
18.1766
18.1279
18.4244
18.3505
18.2454
18.2478
18.1382
17.8365
17.7913
18.2006
17.8383
18.3047
17.7267
18.4937
18.1217
18.1201
18.0949
18.4962
18.1384
18.0227
18.2317
18.051
18.4344
18.0967
18.2478
18.1956
18.2856
18.2052
18.1877
17.9592
17.9715
18.2063
18.5072
18.1593
18.4469
18.4709
18.408
18.5782
18.1159
18.1261
18.4002
17.8371
17.774
18.3178
17.981
18.1139
17.7408
18.0358
18.1491
17.9123
18.0671
18.3676
18.0172
17.9575
18.0444
18.3789
18.193
18.4858
18.3025
17.7594
18.2402
18.1308
18.7113
18.4587
18.2444
17.8491
18.4789
18.6175
18.1411
17.6957
17.7894
18.3188
18.1991
17.9655
18.3069
17.632
17.8189
18.1583
18.0305
18.2578
18.0934
18.1882
18.1196
18.0114
18.0814
18.1097
18.4746
18.2759
18.0834
18.074
18.1436
18.0047
18.2116
18.4235
18.1365
17.7693
18.204
17.8488
18.3189
18.5932
17.9746
18.1891
18.3238
18.2294
18.335
18.1887
18.4628
18.1044
18.1031
18.5053
18.1504
17.7122
18.2029
18.3571
18.1827
18.0547
17.9631
18.2205
18.446
18.1238
17.6109
17.6702
18.2754
18.233
18.5776
18.6366
18.4896
18.2765
17.9819
18.055
18.1528
17.9804
17.965
18.3549
17.8429
18.1819
17.6852
18.1312
18.4381
18.2414
18.3234
18.1567
18.0602
17.883
18.1928
18.3957
17.9061
17.7865
18.2474
17.9649
17.9648
18.1541
17.9065
18.2385
18.4869
18.1117
17.7737
18.2978
18.2258
18.1203
17.9443
18.0086
18.224
18.3977
17.8211
18.1177
18.3587
18.5668
18.2428
18.0786
18.1731
18.1163
18.3838
18.1961
18.3486
18.2909
18.574
18.3241
17.897
17.7109
18.1264
18.4954
18.4397
18.4875
18.3645
17.9263
18.2383
18.5661
18.2741
18.2796
18.2552
18.2609
18.0088
18.3763
18.4826
18.5153
18.4236
18.0237
17.8514
18.4605
18.4943
18.0241
18.263
17.8876
18.2821
18.3355
18.2843
18.1778
18.2385
18.09
18.3044
17.8896
18.1562
17.8597
18.4531
17.9148
18.2281
18.1074
18.2929
18.4958
18.2937
18.0257
18.2422
17.9058
17.885
17.8026
18.3846
18.1183
18.0574
18.3287
18.018
18.2356
18.2956
18.2296
18.5081
18.0133
18.2954
18.1755
18.2926
18.1077
17.9543
18.5088
18.4331
18.2013
18.4785
18.4933
18.3811
18.0658
18.109
18.2357
18.2835
18.1083
18.2063
18.6741
18.2522
18.4516
18.3197
18.0916
18.5996
18.102
18.4582
18.2372
18.208
18.3077
18.2274
18.2123
18.1215
18.0955
18.229
18.2419
18.564
18.4139
18.1746
18.3713
18.1454
18.4842
18.6068
17.8298
18.1776
18.0641
18.4088
18.4966
18.8291
18.3227
18.2696
18.0707
18.1884
18.1893
18.6217
18.2631
18.3214
18.3695
18.1729
18.3352
18.2683
18.1694
18.4939
18.179
18.4954
18.2464
18.743
18.7917
18.8084
18.3543
18.37
18.1541
18.1862
18.0789
18.6566
17.9017
18.2015
18.2659
18.5098
18.0813
18.0547
18.4982
18.4056
18.2009
17.9929
18.1688
18.2423
18.3082
18.437
18.5445
18.0906
18.7826
18.2782
18.0849
18.3516
18.4825
18.4134
18.8787
18.6663
18.3655
18.0529
18.0716
18.3599
18.0117
18.342
17.6002
17.6452
18.2749
18.1445
18.0349
18.3863
17.9901
18.1204
17.9614
17.9566
18.0785
18.227
18.1093
18.017
17.384
17.606
18.1257
17.924
18.1958
18.1641
17.5942
17.5682
18.0985
18.2855
18.5266
17.7928
17.863
18.3079
17.8114
18.4224
18.1572
18.1201
18.2926
18.2617
18.3473
17.9764
18.1786
18.284
18.0051
18.1986
18.257
18.0256
18.1783
18.2467
18.019
17.9162
18.0492
18.3044
17.8452
18.0464
18.3519
18.1821
18.1175
17.8153
17.9241
18.1482
18.0226
18.0854
17.9566
18.0736
18.2881
17.6682
17.5738
17.8806
18.2294
18.0469
18.6444
17.6407
17.629
17.7456
18.2252
17.8803
17.4167
18.194
17.9024
17.9625
17.8589
18.0386
17.9244
18.1268
17.8478
17.989
17.969
18.4901
18.2633
18.3402
18.1655
18.2081
18.2747
17.8024
17.982
18.0179
18.1539
17.67
18.3519
18.1404
18.0213
18.293
18.3301
18.3251
17.9327
18.2364
18.375
17.9582
17.9212
18.2346
17.6526
18.4333
18.1563
18.5906
18.3622
17.8679
18.2718
18.0232
17.8244
17.8927
18.3849
18.1878
18.3854
17.8915
18.3903
18.035
18.331
18.14
18.3847
18.1272
18.1582
17.9678
18.4631
18.2734
18.0708
18.4397
18.0524
18.2499
18.2089
17.9977
18.3318
18.5187
18.235
17.9857
18.2847
18.6349
18.2033
17.72
17.9493
18.3001
18.0017
17.8351
18.1771
18.2673
18.2512
18.2544
18.406
18.0206
18.0452
18.4187
18.1694
18.2423
17.9251
17.9254
17.8626
18.7138
18.1084
18.3277
18.2824
18.5924
18.3085
18.2366
18.1349
18.5642
18.2773
18.1541
18.2008
18.2858
18.2233
18.0412
18.007
18.383
17.8759
18.2831
18.4329
18.5204
18.3488
18.3694
18.0346
17.9908
17.66
18.079
18.7811
18.8794
18.3052
18.283
18.0135
17.8394
17.9039
18.4004
17.9414
17.7194
18.3543
18.576
17.9335
18.0641
18.5606
18.3342
18.1281
18.2924
18.4713
18.0908
18.4498
17.9951
18.3675
18.0765
17.9287
18.0717
18.3554
17.965
18.2875
17.7985
17.827
18.2233
17.6954
18.1867
18.2923
18.6823
18.1518
18.6034
18.3449
18.3098
17.7341
18.4632
18.7468
18.2767
18.0356
18.1973
18.4557
18.0622
18.4754
18.1974
17.7156
18.1096
17.9432
18.039
18.1199
18.4883
17.8095
18.2932
18.0993
17.9079
18.7308
18.1724
18.3259
18.4132
18.2532
18.5678
18.5283
17.9128
18.5284
18.5717
18.5489
18.4894
18.6423
17.9349
18.3139
18.2295
18.1861
18.1457
18.2575
18.5271
18.2849
17.7977
18.507
18.4823
18.33
18.4835
18.4399
18.2349
17.743
18.2692
18.6698
18.5812
18.5293
17.943
17.9585
18.3175
18.5489
18.3077
18.1845
18.385
18.3241
18.3206
18.3054
18.3584
18.2927
18.1315
18.1065
18.2045
18.3696
18.6509
18.4452
18.1866
17.8592
18.493
18.2675
18.0829
18.5845
18.6761
18.3518
18.3989
18.1997
18.1074
18.31
18.4285
18.1149
18.0877
18.2566
18.7895
17.9782
18.4355
18.3723
18.7671
18.3572
18.4491
18.4076
18.2895
18.2397
18.1588
18.2166
18.4946
18.3259
17.934
17.7818
18.2862
18.4527
18.4944
18.1435
18.247
18.252
18.4137
18.08
18.21
18.3179
18.09
18.2042
18.4864
18.3785
18.1051
18.0704
18.3787
18.0788
18.072
18.3965
18.4192
18.0841
18.0929
18.2729
18.0935
18.5342
18.7578
18.0838
18.213
18.1159
18.2681
18.4219
17.6718
18.3658
18.3039
18.189
18.4192
18.5674
18.2508
18.4169
18.2084
18.1264
18.7029
18.0414
18.2911
18.4226
18.1505
18.6068
18.3914
18.4737
18.411
18.3638
18.2411
17.8213
18.4049
17.9688
18.5025
18.4787
18.8806
18.6125
17.7006
18.0416
18.5522
18.2372
18.4096
18.1317
17.8981
18.7113
18.025
18.0947
18.4149
18.1852
18.2631
18.4403
18.226
18.4249
18.031
18.2788
18.1247
18.2719
18.7834
18.288
18.6471
17.9187
18.7227
18.5018
18.5391
18.4988
18.413
18.1405
18.2711
18.0571
18.3601
17.9076
18.743
18.3221
18.3716
18.347
18.0489
18.6202
18.1768
18.2263
18.386
18.2735
18.4025
18.3745
18.3896
18.3862
17.9473
18.1366
18.1719
18.3162
18.1685
18.3922
18.1533
18.4625
18.2253
18.2009
18.1382
18.4628
18.2086
18.0705
18.2677
18.3034
18.3915
18.2924
18.8582
18.4258
18.13
18.378
18.1769
18.342
18.0861
18.8034
18.4883
18.1044
18.4508
18.3649
18.273
18.0809
18.4645
18.583
18.035
18.2808
18.2768
18.3257
18.0465
18.1773
18.7108
18.4788
18.4239
17.7838
18.9223
17.8035
18.6849
18.362
18.3015
18.5734
18.2539
18.1116
18.2825
18.0945
18.5021
18.3671
18.0136
18.1528
18.592
18.5509
18.8399
18.7731
18.3073
17.9775
17.9343
18.1462
17.89
18.2702
17.9115
17.9636
17.8691
18.1831
18.0031
18.2832
18.3626
17.9256
17.6352
18.0828
18.2804
17.8046
18.2283
18.132
17.9221
17.8016
17.7109
18.0227
18.3718
17.6969
18.1201
18.5375
17.8851
18.3764
17.906
18.1794
18.1089
17.8583
18.1595
18.3493
18.1938
18.0318
18.179
17.8802
17.7745
18.1457
17.8639
17.941
18.0953
17.9024
18.0315
17.6063
18.0791
18.395
18.0383
18.329
18.0851
17.7899
17.8866
18.2462
18.157
17.6837
18.117
17.9391
18.3523
17.924
18.1267
17.9851
17.9533
17.772
18.3496
18.3002
18.0853
18.0078
18.022
17.8466
18.5547
18.2574
17.8035
17.7061
17.8422
18.4321
18.1825
18.441
18.0469
18.0761
18.0764
18.1446
17.8734
18.1725
18.0382
17.8124
18.1584
18.1982
18.2901
18.6806
18.3852
18.3621
17.9412
17.7949
18.0892
18.1832
18.5138
17.9198
18.2915
18.1812
17.9401
18.3124
18.7608
17.9273
18.3537
18.3951
18.1465
17.7615
18.2498
18.1756
18.1411
18.4231
18.4169
18.3099
18.1196
18.3925
18.219
18.0567
17.9515
18.0152
18.366
18.4196
18.3621
17.918
18.1722
18.4349
17.8741
18.12
18.151
18.1472
18.2163
18.0482
17.696
18.0859
17.8455
18.0874
18.2103
18.1094
18.2556
17.8351
17.8945
18.3758
18.1096
17.8291
18.3017
17.9918
18.1442
17.9944
18.3912
17.7793
18.0336
18.1608
17.8752
17.9354
18.1675
18.5441
18.0456
18.2485
18.0334
18.5333
18.0809
17.9703
18.381
18.3135
18.4766
18.3752
18.2494
17.6302
18.4987
18.2417
17.8917
18.0501
18.2105
18.5377
18.4339
18.0568
18.175
18.1981
18.2028
18.2668
18.3442
18.7539
18.0521
18.2516
18.3641
18.2744
18.1541
18.313
18.2579
18.615
18.099
18.3611
18.5148
17.9584
18.3842
17.8355
17.6107
18.447
18.2066
18.2652
18.5386
18.0927
18.1523
18.1994
18.2156
18.2433
18.2921
17.6304
18.2501
18.032
18.1682
18.369
18.4175
18.2197
17.7315
18.3921
18.0052
18.3471
18.0036
18.0193
18.2081
18.588
17.8179
18.3915
18.2429
18.1636
18.1432
18.3733
18.4073
18.2337
18.0411
18.0055
18.1181
18.171
18.1831
18.6243
18.602
17.8699
18.0545
17.8595
18.3095
18.0829
18.1353
18.3017
18.3474
18.5267
18.3464
18.2326
18.1642
17.9795
18.0325
18.0021
18.0662
18.5864
18.0491
17.9136
17.9109
18.114
18.5126
18.5568
17.8904
17.8172
18.0467
17.7988
18.4376
18.4153
18.6471
18.5251
18.3721
18.0261
18.3515
17.9781
18.1991
18.3502
17.7575
18.1799
18.1595
18.3681
18.2512
18.5242
18.3715
18.1749
18.3103
17.6981
18.5298
18.6112
18.3356
18.1677
18.0693
17.9499
18.1746
18.2847
18.057
18.3273
18.3024
18.3366
17.9128
18.2462
17.8959
18.3317
18.2585
18.4806
18.0507
18.4795
18.1097
18.0413
18.2289
17.7731
18.3053
18.3796
18.2781
18.2151
18.1507
18.3884
18.6234
18.1149
18.4575
17.9847
18.0544
17.7701
17.6779
18.243
18.3718
18.2508
18.0943
18.3671
17.9987
18.03
18.2525
18.1555
18.3177
17.5634
18.2255
17.9982
17.9772
18.0435
18.5455
17.7405
17.9685
18.4421
18.0825
18.1277
18.2085
18.2432
18.2475
18.5641
18.336
18.165
17.7962
17.9102
18.2833
18.1511
18.0453
17.741
18.0639
18.0946
18.3347
17.8599
17.9893
17.8174
18.0545
18.3008
18.4597
17.946
17.8626
17.7126
18.2845
17.8633
18.1602
17.5647
17.7857
18.0584
18.1482
18.1358
17.9095
18.0485
17.694
18.1408
18.2925
18.1197
18.2686
17.7984
18.0714
17.9523
18.0102
18.374
18.3244
18.5199
18.0618
18.1269
18.2239
18.3521
18.2233
18.263
18.222
18.2272
18.2029
17.9211
18.3394
18.3313
18.1781
18.3094
18.5834
17.8427
18.0654
17.9224
18.4712
18.4343
18.2009
18.2899
18.1215
18.3673
18.4243
18.007
18.6075
18.1326
18.3183
18.4809
18.4654
17.8595
18.1301
17.9684
18.3107
18.4468
18.2675
18.6136
18.6088
18.3091
18.328
18.4944
18.4607
18.0348
17.956
18.1725
18.5414
18.1212
18.3712
18.1445
18.4874
18.1066
18.4312
18.1284
18.3093
18.3268
18.2049
17.9218
18.3987
18.4613
18.4533
18.3551
18.4199
18.1207
18.2212
18.7703
18.4583
18.3393
18.3323
18.1597
18.0957
18.4896
18.1302
18.5003
18.2677
18.3405
18.2057
18.4127
18.6908
18.2644
18.4644
18.702
18.1753
18.144
18.0553
18.0669
18.3939
18.2337
18.0877
17.8209
18.3509
18.3918
18.2331
18.447
18.1292
17.9659
18.1764
17.9837
18.3099
18.2998
18.1577
18.346
17.9156
17.897
18.1647
18.3531
18.1615
18.4155
18.2743
18.4134
18.5383
18.5144
18.4782
18.2082
17.9024
18.1729
18.5681
18.69
18.237
18.0778
17.9858
17.9908
18.3716
18.0707
18.4103
18.3643
17.8328
18.329
18.1948
18.1273
18.1239
18.078
18.2713
18.1033
18.5247
18.3666
18.179
17.997
18.4179
17.9394
18.3748
18.0359
18.1564
18.3547
18.5498
17.7245
18.152
17.9662
18.4398
18.0537
18.3206
18.1659
18.4574
18.412
18.7625
18.4719
18.4789
17.8668
18.0388
18.0712
18.0106
17.9109
17.9784
17.9016
17.9539
18.4545
18.1531
18.0612
18.4489
18.234
17.9631
18.133
18.4181
18.4353
18.1371
18.3177
17.7764
18.2701
18.1454
18.1152
18.1892
18.058
18.1638
18.0846
17.908
18.2821
18.1063
18.4261
17.7811
18.0994
18.3403
17.8644
18.0321
18.5346
18.152
18.0293
17.8855
18.3025
18.2593
18.2407
18.1463
18.1044
17.7044
18.0245
18.1881
17.9635
17.9629
17.9083
18.0299
18.0741
17.8181
18.1919
18.1921
18.3408
18.1692
18.0787
18.0897
17.8722
17.7838
17.9152
18.2237
18.3753
18.1189
18.3286
18.168
17.8369
18.2939
18.4786
18.068
18.2219
18.6644
18.0649
18.1994
18.1148
18.1394
18.3638
17.7201
18.0133
18.4578
18.3901
18.5077
18.0882
18.0938
18.1271
18.1269
18.0836
18.2616
18.3373
18.2216
18.0461
18.2366
18.251
18.6351
18.1629
18.221
18.3779
18.3156
18.3409
17.9873
18.1437
18.3892
18.1212
18.158
18.2467
18.0224
18.3287
18.2682
17.866
18.0874
18.4058
17.9853
18.0684
18.5575
17.8426
18.1909
17.9785
18.0179
18.6633
18.2522
18.3405
18.3386
18.3445
18.3348
17.8651
18.0277
18.1985
18.2398
18.1954
18.3903
18.4812
18.2887
17.8554
18.2066
18.257
18.1739
18.0963
18.2126
18.3017
18.0137
18.6449
18.4641
18.5607
17.9983
18.2515
18.4206
18.4615
18.0217
18.1812
18.0908
17.8066
18.3487
18.1289
18.6425
18.3719
18.3769
18.1014
17.8229
18.3621
18.3841
18.0012
18.7094
17.9859
18.0057
18.2678
18.7019
18.2285
18.5686
18.0641
18.5629
18.3342
18.2499
18.3745
18.2494
17.9307
18.2817
18.5295
18.0473
18.2147
18.2327
18.1763
18.1275
18.6104
18.1228
18.3296
18.8943
18.2635
17.8759
18.3132
17.9838
18.5523
18.2046
18.3443
18.0444
18.4241
18.6472
18.1531
18.0585
18.2401
18.0928
18.6602
18.3414
18.3236
18.41
18.1661
18.4887
18.4109
18.297
18.4064
18.0931
18.086
17.9959
18.4288
18.2142
18.0644
18.41
18.5181
18.1022
18.2091
18.0877
17.7656
18.1451
18.5193
18.5004
18.1183
18.5771
18.061
18.1276
18.3857
18.6367
18.2073
17.9568
17.6109
18.3404
18.5457
18.0633
18.4047
18.3289
18.4522
17.8505
18.0229
18.398
17.6345
18.2236
18.1756
17.9789
18.3938
18.4747
18.2225
18.701
18.2457
18.3347
18.3652
18.3223
18.5584
18.4609
18.1201
17.9242
18.7631
17.7823
17.7052
18.2978
17.9871
17.9286
18.1679
18.3026
18.0355
18.243
17.7526
18.1067
18.3083
17.9156
18.3892
18.373
18.1834
18.2743
18.2367
17.9627
18.483
18.2073
18.0484
18.3662
17.8877
18.5292
18.383
18.6004
18.1386
18.2373
18.4652
18.3386
18.267
18.5151
18.2364
18.478
18.1511
18.0198
18.3894
18.6225
18.0514
18.3798
18.2049
17.9369
18.3524
18.1972
18.2927
18.6753
18.5308
18.2128
18.8655
18.2915
18.2846
18.5628
18.165
18.729
18.2128
17.9079
18.4628
18.4841
18.1078
18.5116
18.6819
18.7127
18.9457
18.2533
18.077
18.4528
18.4618
18.0162
18.7813
17.9612
18.3783
18.4656
18.3584
18.3016
18.0316
18.4484
18.3742
18.1875
18.1343
18.6591
18.2728
18.144
18.7519
18.6684
18.0223
18.1175
17.9226
18.1298
18.2462
18.3188
18.3819
18.4963
18.303
18.5146
18.4912
18.623
18.0769
18.1712
18.393
18.25
18.1192
18.3477
18.2932
18.5966
18.2168
18.6227
18.3087
18.609
18.6524
18.5258
18.0041
18.1221
18.2557
18.5252
18.0505
18.719
18.7025
18.4981
18.2685
18.0833
18.4948
17.8131
18.4258
17.9895
18.2804
18.1302
18.5047
18.3943
18.4653
18.1348
18.467
17.9704
18.5596
18.3304
18.6046
18.4834
18.5134
18.6632
18.2909
18.6341
18.4572
18.3341
18.2925
18.1989
18.2459
18.8008
18.2665
18.3097
18.479
18.3173
18.6422
18.5195
18.3169
18.5375
17.7922
18.2905
18.3503
18.4758
18.3338
17.8499
18.3726
18.2335
18.5117
18.25
18.4975
18.56
18.2934
17.8695
18.0626
17.8111
18.169
17.9474
18.5871
18.1398
18.1454
18.2766
18.3096
18.4789
18.0617
18.4121
17.8911
18.5772
18.1352
18.1092
18.3642
18.3978
18.2693
18.5533
18.0591
18.2301
18.42
17.9335
18.2082
18.331
18.4199
18.3949
18.2092
18.118
18.1632
18.324
18.5082
17.8989
18.0964
18.3439
18.2235
18.3647
17.9051
18.1297
17.9463
18.319
17.9629
18.1832
18.5614
18.363
18.1056
17.882
18.3724
18.2119
18.5825
18.1764
17.9742
18.1468
18.2897
18.0382
17.6507
18.251
18.3966
18.511
18.1986
18.2576
18.5986
18.668
18.32
18.1979
18.2492
17.9427
18.4833
17.8497
18.591
18.1671
18.0172
18.1305
18.1294
18.2137
18.6128
18.1055
17.8132
17.9041
17.993
18.0725
18.5122
18.1735
18.1892
18.0385
18.1809
18.0376
17.6966
18.0214
17.8801
18.0743
17.8552
18.5328
18.1181
17.8651
18.3437
17.6923
17.865
18.406
18.1496
18.0722
18.0456
18.1191
18.5208
18.074
17.6814
17.9154
17.9284
17.8526
18.0694
18.1799
18.3942
17.8427
17.7417
18.0458
18.1721
17.8729
18.4572
17.6468
18.0315
17.9766
18.1943
17.3745
17.6359
18.6238
18.0468
17.929
17.7111
18.1959
18.1169
18.1892
18.2542
17.7694
17.9229
18.1857
18.1669
18.1826
18.204
17.9964
18.086
18.1012
18.326
17.8842
18.0393
17.9979
18.1275
17.9814
18.2701
18.1621
18.0251
17.9358
17.789
18.2036
17.7708
18.3432
18.0186
17.6829
18.1237
18.0302
18.439
18.0891
18.0811
17.7642
18.136
18.0691
17.9202
18.3071
17.9027
18.3928
18.2382
18.0065
17.9234
18.2026
18.2196
17.7553
18.366
17.8466
18.3517
18.1398
18.0732
18.5892
18.0382
18.1449
17.9713
18.3497
18.2072
17.8306
18.2536
17.9904
17.8403
17.9434
17.784
18.0006
17.8047
18.1573
17.988
18.1114
18.0081
18.404
18.1967
18.4326
18.0448
18.3429
18.3878
18.2934
18.4117
18.5368
18.2145
17.7927
18.0369
18.2751
18.3763
18.179
18.6205
18.5704
18.0847
18.0804
18.2299
18.2631
18.168
18.3153
18.319
18.2215
18.1856
18.4742
18.3732
18.595
18.007
18.6457
18.1367
18.094
18.0511
18.4639
18.0767
18.2954
18.3382
17.889
17.946
18.3812
17.9602
18.6778
18.0833
18.4431
17.9321
18.3814
18.4668
17.8869
18.2757
18.331
18.0744
18.2697
18.4136
18.3546
18.2611
18.2838
18.2287
18.4351
18.3737
18.3849
18.6463
18.1033
18.7439
18.3481
18.3552
18.3941
18.0034
18.571
18.0501
18.4225
18.7675
18.5362
18.2266
18.6526
18.3015
18.3806
18.5358
18.5081
18.0989
18.9072
18.2597
18.5798
18.603
18.3513
18.5626
18.3245
17.9677
18.296
18.5558
18.0951
18.434
18.3429
18.1916
18.3669
18.4069
18.1951
18.4372
18.8007
18.2319
18.2976
18.1075
18.364
18.6387
18.3143
18.1915
18.5508
18.2162
18.7442
18.3269
18.1646
18.3766
18.0708
18.3067
18.1532
18.1961
18.3543
18.2353
18.3838
18.6644
18.1257
18.198
18.505
18.1471
18.2953
18.3658
18.487
18.5574
18.5178
18.1686
18.2899
18.3208
18.1683
18.4802
18.5024
18.6107
18.4925
18.0303
18.5483
18.4028
18.5999
18.6946
18.2253
18.6174
18.6701
18.1086
18.32
18.4301
18.358
18.3923
18.3489
18.5493
18.2689
18.1798
18.5229
18.6743
18.1883
17.8668
18.39
18.3852
18.8217
18.6511
18.2813
18.4021
18.2197
18.6266
18.4931
18.51
18.2395
18.5621
18.2999
18.2823
18.3982
18.3922
18.3548
18.3296
18.2564
18.3543
18.9073
18.4489
18.3772
18.3023
18.2202
18.4521
18.3431
18.5732
17.9643
18.5169
18.3271
18.3185
18.5221
18.4428
18.8208
18.5349
18.2731
18.719
17.7339
18.4594
17.7901
17.9039
18.2418
18.1796
18.119
18.2855
18.3821
18.7179
18.6043
18.2988
18.3366
18.4629
18.8625
18.2801
18.0435
18.1745
18.2891
18.493
18.4477
18.3269
18.1874
18.2597
17.9022
17.9154
18.8446
18.1247
18.2974
18.3138
18.1257
18.2929
17.9516
18.5562
18.4725
18.2339
18.0075
18.3362
18.3621
18.3426
18.4565
17.9535
18.2882
18.43
18.4331
18.9701
18.4854
18.3092
18.0617
18.0981
18.6053
18.028
18.2855
18.2598
18.1787
18.0874
18.5499
18.1333
18.3718
17.6254
18.0226
18.2102
18.6338
17.8924
18.2467
18.1448
18.5888
18.6023
18.348
18.3566
17.8557
18.1702
18.5896
18.5485
17.8381
18.3787
18.2078
18.4153
18.0468
18.2531
18.4473
18.1046
18.2377
17.8514
18.0103
18.5063
17.9348
18.6401
18.1966
18.577
18.2255
18.1348
18.2316
17.9397
18.1571
18.2288
18.2583
17.9294
18.4335
17.8213
17.8233
18.4813
18.7078
18.0894
18.3974
18.3629
18.2852
18.2441
18.4367
18.379
18.2433
18.2076
18.3947
18.6882
18.0386
18.2806
18.7036
18.6587
18.0582
18.28
18.101
17.7846
18.0751
18.1016
17.7378
18.1429
18.3557
18.3868
18.2619
18.0214
18.1844
18.0995
18.2158
17.9807
17.7927
18.1798
18.3868
17.9518
18.382
18.1479
17.8221
18.2439
18.0982
17.8244
17.6079
18.1216
17.5823
18.3664
18.4442
17.7925
18.3204
17.781
17.9247
18.007
18.3075
17.9302
17.6757
18.2273
18.01
18.0363
18.2851
18.2149
18.047
18.2401
18.323
18.2784
18.1118
18.0338
18.1874
17.8621
18.0902
18.3333
18.1024
17.3703
18.0859
18.6175
18.0208
18.2132
17.8414
18.2981
18.3362
18.3691
17.8696
18.3701
18.0036
18.2494
18.065
18.3042
18.1766
18.2159
18.4427
18.4188
18.1845
18.0726
18.0202
18.206
18.4438
18.3254
18.4582
18.4147
18.1872
17.885
18.0116
18.2292
18.091
17.7672
18.5673
18.0763
18.053
17.8996
18.1941
18.3444
18.1536
18.0592
18.1127
18.041
17.8059
18.3297
18.0621
18.0105
18.6296
18.2827
18.1088
18.4234
17.994
18.1409
18.1153
17.8707
17.8814
17.9807
18.3425
18.2092
18.2471
18.3635
18.9592
18.4037
18.52
18.5058
18.3238
18.7134
17.9863
18.1671
18.2483
18.2738
17.9898
18.5381
18.4326
18.3549
18.6826
18.3972
18.8188
18.2633
18.3156
18.0275
17.9501
18.3944
18.2991
18.8227
18.3639
18.4751
18.2774
18.4224
18.5524
17.9252
18.8092
18.6805
18.2891
18.4499
18.1765
18.1593
18.3291
18.4242
17.9412
18.4057
18.2817
18.4842
18.2413
18.4636
18.274
18.173
18.6219
18.2139
18.5623
18.292
18.2226
18.2372
18.2049
18.444
18.5526
18.3067
18.1156
18.1939
18.6474
18.1683
18.4299
18.2286
18.8014
18.3664
18.532
18.5629
18.6966
18.187
18.7852
18.5693
18.5886
18.0247
18.8423
18.4255
18.3627
18.1902
18.4207
18.2847
18.5306
18.5162
18.3772
18.5239
18.5294
18.572
18.5959
18.7339
18.4227
18.9739
18.9687
18.4661
18.668
18.3976
18.1342
18.5525
18.4441
18.2532
18.5618
18.6168
18.4319
18.3067
18.5814
18.5157
18.1296
18.6046
18.5443
18.7303
18.7929
18.0275
18.0093
18.3692
18.2783
18.0875
18.5635
18.4214
18.2336
18.5955
18.6548
18.9198
18.4323
18.5589
18.075
17.8248
18.3514
17.8528
17.9646
17.8661
18.0242
17.8579
18.2307
18.257
17.9978
18.251
18.1969
18.0074
18.1678
18.0242
17.8081
17.9259
17.9825
18.2513
18.3334
17.9041
17.9856
18.337
18.3235
18.2304
18.4678
17.701
18.2536
18.0072
18.0414
17.8199
18.1227
17.991
18.2247
17.423
17.7422
18.294
18.1139
18.089
18.0357
17.918
18.0259
17.692
18.2352
17.9153
18.2187
18.0737
17.6961
18.2139
17.9176
18.4364
18.2512
18.1703
17.9601
18.0824
17.9721
18.0176
18.0663
18.2504
18.7663
18.0699
18.3713
18.0527
18.437
18.1014
18.4704
18.6274
18.1428
17.7368
18.5616
17.8897
18.4329
18.1
17.985
17.9559
18.4337
17.8572
18.5093
18.3985
18.1797
18.5147
17.6253
18.3109
17.9815
18.4284
17.7211
18.3053
18.2807
18.4182
18.1274
18.2373
18.0529
18.156
18.1143
18.185
17.9884
18.3425
17.9104
18.5445
18.3522
17.952
18.296
18.0781
17.7495
18.1473
18.323
17.6564
18.3185
18.5287
18.2902
18.305
18.2002
18.1755
18.6149
17.9894
18.1494
18.2422
17.8983
18.4472
18.197
18.0613
17.8443
18.2559
18.2308
18.4056
18.1023
18.3374
18.074
18.0567
17.9875
17.9655
18.1187
18.3129
18.031
18.3756
17.9862
18.0799
17.8974
18.1947
18.2405
18.0845
18.2793
18.2269
17.8033
17.9498
18.3935
18.3392
18.5677
18.148
17.5658
17.8849
17.9806
18.2729
17.8856
18.0545
18.4497
17.8635
17.9548
18.3301
18.309
17.9709
18.0891
18.297
18.4812
18.2553
18.359
18.3991
18.0522
18.2753
18.0375
17.9098
17.8425
17.9113
18.5432
18.3516
17.9225
18.2718
18.4655
18.3925
17.8923
17.7376
18.0271
18.3172
18.1725
18.4283
18.1933
18.0081
17.9473
18.1079
18.1481
17.9911
18.4327
17.7989
18.4534
18.2129
18.4729
18.2436
18.518
18.1162
18.1054
18.3975
17.918
18.2116
18.0575
18.3039
18.253
18.3806
18.1904
18.4804
18.4417
18.4802
17.8348
18.2193
18.2602
18.5311
18.3957
17.7847
18.5342
18.2529
18.3468
18.3074
17.9715
18.6273
18.1714
18.4061
18.3608
17.8769
18.2384
18.1632
18.3206
18.0533
18.5518
18.3111
18.1405
18.0266
17.6846
18.3256
18.3215
18.2124
18.3888
18.1043
18.1665
18.2357
18.0315
18.0112
18.0158
18.4439
18.6454
18.082
18.1049
18.6579
17.6622
18.2183
18.4177
18.4199
18.1456
18.3862
18.1834
17.9153
18.2094
18.2514
17.9733
17.5871
18.082
18.1522
18.2374
18.4098
17.9639
18.2451
18.255
18.592
18.2156
18.3761
18.5297
18.3382
18.5525
18.374
18.3749
18.5731
18.6707
18.0304
18.4265
18.531
18.2562
18.4181
18.1607
18.3415
18.4848
18.4835
18.6567
18.3371
18.3485
17.9879
18.4173
18.4335
17.8149
18.4741
18.4167
18.0727
17.9373
17.9858
18.7763
18.3753
18.1532
18.1229
18.303
18.3279
18.3626
18.1588
17.8466
18.241
18.3618
18.243
17.9911
18.1585
18.3154
18.4004
18.7187
18.3792
18.3376
18.3643
18.3893
18.509
18.1735
17.8208
18.3263
18.1763
18.3071
18.4016
18.5892
18.2899
18.2458
18.4403
18.0661
18.266
18.5452
17.8918
18.8547
18.2748
18.3406
18.177
17.6844
17.8343
17.9958
18.1437
18.141
18.099
18.7353
18.5688
18.0932
18.2918
18.8316
18.0242
18.2685
18.2114
18.0622
18.5444
18.2746
18.3363
18.3043
17.7912
18.7957
18.275
18.1161
18.1218
18.2856
18.2511
18.7985
17.9456
18.649
18.4542
18.1487
18.1532
18.125
18.2237
18.6128
18.1909
18.3179
18.6467
18.6778
18.5621
18.7501
18.2914
18.4155
18.4007
18.0316
18.885
18.8882
18.5956
18.4098
18.3301
18.1399
17.8257
18.4837
18.3155
18.2228
18.1649
18.5443
18.2417
18.5221
18.6099
18.2551
18.307
18.6443
18.5188
18.4725
18.2043
18.5292
18.1261
18.5972
18.2789
18.281
18.09
18.0148
18.1423
18.2286
18.6725
18.191
18.6522
17.9934
18.0843
17.9934
18.6576
18.4975
18.1572
18.4265
17.9228
18.5153
18.268
18.635
17.9492
18.2416
18.3134
18.6289
18.6006
18.1896
18.1973
18.4902
18.0397
17.925
17.7869
18.1892
17.9254
18.1722
18.1617
18.3245
17.6835
18.3563
18.4309
18.0191
18.2052
18.5512
18.1241
17.9878
18.2227
18.1645
18.1059
18.3397
18.2603
18.5379
18.164
17.889
18.5679
18.3679
18.7753
18.3315
18.5486
18.1872
18.1316
18.4542
18.3332
18.0542
18.1614
18.3053
18.3129
18.1039
18.3694
18.5327
18.2505
18.3528
18.0126
18.3337
18.3976
17.9775
18.4904
18.2973
17.9358
18.1096
18.2856
17.9519
18.2643
18.1921
18.1449
18.1647
18.2848
18.1926
18.0316
18.0341
18.4192
18.0229
18.2374
18.1055
18.4161
18.0674
18.6837
18.4981
17.9116
18.2424
18.0532
18.1984
18.3885
18.3913
18.2397
18.3164
17.8662
18.4797
18.3012
18.0536
18.4897
18.3323
18.5607
18.5495
18.5327
18.1766
18.1191
18.3267
18.1854
18.4124
18.3684
18.3439
18.892
18.4387
18.1551
17.9994
18.7653
17.9416
18.2138
18.346
18.4393
18.4575
18.0703
18.1453
18.5617
18.6547
18.341
18.1947
18.0691
18.5789
18.345
18.2866
18.1453
18.5652
18.2308
18.1198
18.0178
18.5052
18.0587
18.4564
18.4825
18.2421
18.4909
18.2852
18.407
18.3734
18.1467
18.3117
18.3573
18.0449
18.0731
18.3827
18.5834
18.0056
18.4656
18.6754
18.2209
18.5486
18.1409
18.5486
17.9656
18.32
17.552
18.0308
18.204
18.0207
18.1704
17.8498
18.6713
18.0479
17.9699
18.6151
18.1174
18.1906
18.1128
18.3346
18.2988
18.1416
18.2764
17.9778
18.2509
17.797
18.0618
18.2636
18.9449
18.0037
18.5225
18.4073
18.4268
18.0701
18.5008
18.3278
18.5194
18.8335
18.2175
18.3162
18.5065
18.4048
18.3635
18.3635
18.3065
18.8209
17.812
18.3454
18.4285
18.2201
18.1844
18.6007
18.2721
18.3576
18.1378
18.4949
18.6261
18.3922
18.469
18.4582
18.6524
18.4514
18.0385
18.4972
18.4033
18.355
18.6375
18.1675
18.251
18.0304
19.0233
18.5381
18.7135
18.9285
18.5714
18.048
18.2588
18.3435
18.276
18.432
18.0068
18.3878
18.3265
18.3453
18.3794
18.4972
18.3213
18.3012
18.4052
18.4037
18.1452
18.5226
18.1521
17.8704
18.3954
18.1452
18.2311
18.1489
17.9719
18.8383
18.0446
18.2499
18.4889
18.1295
18.2044
18.0437
18.0272
17.896
18.3404
18.2772
17.9767
18.1261
17.7403
18.2934
18.4736
18.5663
18.3405
18.4321
18.4474
18.1537
18.4835
18.2321
18.6032
18.1582
18.0147
18.0841
18.1158
18.0102
18.158
17.9268
18.3601
18.0696
17.9324
18.4015
18.1555
17.5617
18.2053
18.1188
18.2575
17.9386
18.1877
18.6584
18.2577
17.9148
18.3009
18.1253
18.1452
18.085
18.2976
18.077
18.0459
18.2003
18.0805
18.3553
18.0293
18.1086
18.2606
18.3624
17.9454
18.2643
18.4873
17.988
18.1719
17.9257
17.9376
17.9641
18.2379
18.3901
18.7292
18.4985
18.2403
18.3435
17.8914
17.8093
18.5809
18.6429
17.8943
18.1178
18.3861
18.1195
18.1142
18.1445
18.0488
18.1273
18.1868
18.069
18.2439
18.175
18.273
18.4027
18.1998
18.2643
18.3144
18.0999
18.0083
18.1187
17.9811
18.4184
18.8103
18.222
18.2583
18.3953
18.3993
18.5437
18.0754
18.3915
18.1473
17.8239
18.6516
18.5751
18.2446
18.3661
18.3499
18.2608
18.6905
18.4192
17.9192
18.1321
18.39
17.9206
17.94
18.3756
18.2911
18.029
18.6057
18.392
17.7704
18.5156
17.6507
18.174
18.0575
18.214
18.4024
18.021
18.1542
17.8453
18.5465
18.7085
18.4197
18.3218
18.2222
18.2721
18.1916
18.3549
18.4635
17.9961
17.9702
18.1532
18.5813
18.3822
18.9316
17.9627
18.0151
18.4242
18.2941
18.1308
18.3056
17.9502
18.3711
18.0558
18.3401
17.8901
18.3659
18.2488
18.2521
17.9881
18.4948
18.1093
18.3988
17.9229
18.5028
18.3425
18.3432
18.4281
17.9049
18.5502
18.3206
18.5329
18.7436
18.2447
18.1563
18.1476
18.3543
18.152
17.725
18.2741
18.7263
18.61
18.5458
18.0192
18.128
18.327
18.5306
17.9069
18.1039
18.3949
18.6202
18.2264
17.9524
18.039
18.2163
18.4913
18.032
18.4271
18.2523
18.0547
18.4177
18.5421
18.2767
18.8457
17.8403
18.2993
17.9845
18.307
18.1307
18.207
18.2709
18.4485
18.0845
18.1151
18.256
18.1116
18.4753
18.7636
18.4262
18.6548
18.0617
18.4201
18.3211
18.25
17.7412
18.2701
18.2938
18.7249
17.9704
18.5254
18.4318
18.1292
18.4716
18.3062
18.3164
18.3488
18.4208
18.6319
18.1517
18.3043
18.7707
18.0457
18.3182
17.9988
18.5447
17.9747
18.8577
18.4208
18.439
17.8624
18.0451
18.0925
18.5051
17.9551
18.2206
18.0127
17.7495
18.2651
17.6148
17.7792
18.2021
18.2652
18.1248
18.1692
17.6575
17.9499
18.0327
18.1365
17.9969
18.0981
18.1722
17.9594
17.8571
18.0832
17.7506
18.0516
18.2035
18.1032
18.1401
18.2097
18.3343
18.1033
18.1832
18.221
18.3511
18.144
17.9204
18.46
18.8007
18.3682
17.9828
17.9003
18.2147
17.9329
18.2217
18.0702
17.8726
18.3246
18.509
18.3081
18.2369
18.1137
18.0961
18.423
18.4521
18.2001
18.1878
18.226
18.5105
17.923
18.1392
18.385
18.1168
17.9789
18.208
18.5445
18.5286
18.5618
18.5021
18.213
17.788
18.3505
18.3479
18.3022
18.1495
17.9446
18.3797
18.5174
18.6476
17.9246
17.8856
18.2101
18.4707
17.7011
17.9857
18.2398
18.0361
18.402
18.2703
18.1658
18.3458
18.1612
18.0593
17.9353
18.2295
18.3035
17.6882
18.2342
18.2288
18.5324
18.1133
18.7033
18.2604
18.362
18.4173
18.2078
18.3252
18.5896
17.3894
17.7739
18.0466
18.1954
17.6202
18.0421
18.23
18.354
17.5098
18.3391
18.1508
17.8511
17.9476
18.2796
18.069
18.456
17.5131
18.1607
18.0293
17.9047
18.2059
17.928
17.9965
18.1188
18.5394
18.0478
18.2559
18.3937
18.0001
18.4314
18.0688
18.4288
18.0271
18.462
18.5817
18.2293
18.1688
18.7924
18.844
18.662
18.278
18.3744
18.5315
18.6303
18.702
18.598
18.6127
18.6573
18.0469
18.3039
18.4749
18.3998
18.5507
17.8412
18.3278
18.1134
18.6801
18.5382
18.5779
18.6196
18.5406
18.5741
18.8841
18.281
18.2144
18.3956
18.1811
18.367
18.768
18.4077
18.7065
18.2826
18.1478
18.7002
18.3686
18.4152
18.4651
18.4803
18.1383
18.5502
18.6736
18.0646
18.6694
18.8726
18.2294
18.4709
18.2866
18.7419
18.6314
18.6178
18.4849
18.2568
18.5778
17.9915
18.2899
18.4209
17.7356
18.0355
18.0973
17.7429
18.4429
17.9981
18.1629
18.3935
18.1945
18.1409
18.1467
17.8291
17.8318
18.137
18.4309
18.1579
18.0106
18.5686
18.2117
18.5782
17.9069
18.7566
18.3883
18.3658
18.3164
18.4819
18.2911
18.0127
18.125
18.6081
18.3947
18.6331
18.478
18.4277
18.2858
18.4492
18.2498
18.5958
18.4241
18.3938
18.3036
18.7906
18.392
18.4649
18.2614
18.2509
18.5202
18.2608
18.003
17.9084
18.6035
18.3804
18.159
18.4086
18.1128
17.8137
17.9147
18.4639
17.5318
18.1602
17.9117
18.0964
17.8745
18.1544
18.089
18.0727
18.4387
18.3807
18.1957
18.0479
17.8891
18.2124
17.7656
18.0297
18.386
18.0306
17.7867
17.8718
18.7065
18.1232
18.4207
18.016
18.4653
17.9678
17.9946
17.8408
18.0793
17.7317
17.9403
17.9747
18.4795
18.079
17.9716
18.3034
17.7879
18.1372
18.1161
18.5775
18.1179
17.9764
18.2146
18.1815
17.977
17.8687
17.9707
18.3031
18.6622
18.2915
18.1236
18.0767
18.155
18.0235
18.0953
18.5744
18.7844
18.3003
18.0523
18.2929
18.1444
18.2808
17.8401
18.2887
18.3013
18.1271
18.325
17.7311
18.3726
18.4803
17.8803
18.2998
18.0722
18.2835
18.2994
18.8535
17.9048
18.0933
17.7448
17.7469
18.245
18.3988
17.8382
17.6475
18.2925
18.0994
18.2391
18.6982
17.7519
18.3073
18.0714
18.1349
18.2166
18.3499
18.5544
18.1848
18.4492
18.1746
18.7787
18.0906
18.3264
18.0087
18.807
17.7972
18.258
18.1344
17.9942
17.9303
18.1111
17.8075
18.3508
17.9424
18.3651
18.5677
17.7635
18.1066
18.1788
18.0606
18.2619
17.8857
17.7131
17.6471
18.1659
18.1224
18.27
18.019
18.1899
18.1742
18.0279
18.1642
17.9331
18.2453
18.1546
18.4597
18.7307
18.136
18.392
18.0958
18.2941
18.1
18.3025
18.1072
17.9665
17.9722
18.2426
18.177
18.1379
18.6558
18.1879
18.7109
18.3913
18.1307
17.9489
18.5399
18.2333
18.04
18.4853
18.2821
18.5203
18.3712
18.3969
17.6837
18.1478
18.7559
18.2845
18.5762
18.1082
18.0441
18.2209
18.281
18.5069
18.6413
17.8843
18.1266
18.3477
18.3765
18.4469
18.3405
18.4054
18.4688
18.062
18.3791
18.078
18.5089
18.4536
18.3459
18.7623
17.8482
18.3585
18.3408
18.6816
18.1413
18.1604
18.1891
18.1298
17.9819
17.9444
18.3672
17.8225
17.8315
18.014
17.9756
17.8836
18.0723
18.1449
17.9048
18.2396
17.7899
18.0796
17.8201
18.2514
18.0775
17.8654
18.6565
17.7846
18.1091
18.103
18.1804
18.2234
17.9906
18.322
17.8378
18.0721
18.3504
18.2217
18.5286
17.604
18.3324
18.662
18.3791
18.0274
18.0494
18.299
18.2412
18.7072
18.2574
18.2586
18.0919
18.6955
18.1391
18.408
18.5546
18.4739
18.2872
18.3615
18.4889
18.2475
18.5118
18.2342
18.5322
18.1479
18.254
18.0306
18.1486
17.8616
18.279
17.9958
18.1513
18.5872
17.9974
18.0569
18.0701
18.4487
17.9801
18.539
18.5618
18.1636
18.4923
18.5169
18.4525
18.2784
18.4111
18.2151
18.1337
18.4118
18.0688
18.004
18.4582
18.4617
18.351
18.7442
18.1532
18.6976
18.2328
18.196
18.4381
18.2657
18.2823
18.3469
18.9475
17.9482
18.2505
17.8994
18.5047
18.7066
18.6453
18.6963
18.4221
18.4799
18.0362
18.0934
18.1782
17.8841
18.256
18.1344
18.1692
18.0399
18.21
18.5292
18.1521
18.07
18.4304
18.3279
18.345
17.7195
18.3966
18.5724
18.4401
18.2711
18.2971
18.2386
18.2952
18.5024
18.3444
18.136
18.1182
18.2937
18.0646
18.0243
18.2597
17.8925
18.0628
18.2623
18.2751
18.4795
18.1453
18.4653
18.1033
18.2415
18.207
18.372
18.2654
18.1465
18.1784
18.5013
18.5377
18.3835
18.6724
17.8599
18.2337
18.4791
18.2163
18.1303
18.3817
18.328
18.2753
17.8279
18.1803
18.6492
18.5138
17.8139
18.012
18.2917
18.2486
18.2417
17.9595
18.2296
18.6188
18.4922
18.012
18.2866
18.6923
18.6104
18.3151
18.5637
17.8578
18.2685
18.405
18.2256
18.5898
18.5735
18.0184
18.2857
18.393
18.1637
18.744
18.5095
18.292
18.235
18.1013
18.4029
18.0099
18.1302
18.2923
18.9127
18.4563
18.2681
18.2885
18.3845
18.5292
18.5355
18.487
18.3784
