0.405082
0.572554
0.108316
0.248841
0.235592
0.543842
0.5252
0.173665
0.483799
0.341682
0.0736566
0.427223
0.319971
0.312753
0.190215
0.550591
0.562645
0.569532
0.337365
0.676475
0.541417
0.576401
0.697933
0.502659
0.400229
0.644054
0.320058
0.766705
0.51678
0.543705
0.462386
0.228341
0.547679
0.357127
0.15161
0.459834
0.327677
0.232808
0.0603219
0.183735
0.319138
0.138316
0.492395
0.251013
0.448169
0.445026
0.528252
0.266335
0.406262
0.461356
0.223483
0.679967
0.436469
0.329144
0.594921
0.155567
0.416042
0.14382
0.271843
0.542577
0.177846
0.405571
0.274858
0.474374
0.306004
0.730738
0.652674
0.320811
0.714807
0.578071
0.510196
0.0663142
0.484371
0.327366
0.540312
0.160036
0.380854
0.551571
0.491977
0.662119
0.506075
0.38003
0.698771
0.482884
0.280822
0.422145
0.21489
0.53939
0.646436
0.463507
0.587642
0.174543
0.600506
0.22996
0.382336
0.616725
0.428975
0.428296
0.665848
0.423944
0.298678
0.508328
0.639537
0.140127
0.140018
0.334155
0.854479
0.737376
0.407719
0.296828
0.459522
0.139682
0.462382
0.232764
0.226685
0.583978
0.376477
0.314231
0.28978
0.274663
0.546185
0.213859
0.105102
0.241141
0.55398
0.706526
0.147418
0.495699
0.805297
0.441086
0.935532
0.179033
0.525932
0.602666
0.619577
0.23487
0.453832
0.275517
0.713911
0.270648
0.769193
0.385911
0.0655707
0.10381
0.324772
0.224612
0.24576
0.0605799
0.197035
0.423069
0.826565
0.47458
0.195855
0.554001
0.371332
0.333496
0.555318
0.670622
0.581271
0.568015
0.663708
0.186577
0.492592
0.67298
0.248543
0.226955
0.705769
0.174147
0.606111
0.430179
0.553599
0.731316
0.446565
0.267728
0.178123
0.152468
0.853902
0.257687
0.765614
0.15741
0.295136
0.518399
0.454358
0.610755
0.539666
0.243128
0.396896
0.601987
0.737451
0.5747
0.44417
0.461306
0.426848
0.680512
0.337996
0.640456
0.756911
0.521429
0.461001
0.766875
0.430887
0.522498
0.400418
0.812305
0.777156
0.517524
0.154334
0.801466
0.521738
0.733041
0.249002
0.62955
0.234212
0.253675
0.341472
0.158205
0.219564
0.131801
0.228134
0.320018
0.461323
0.858153
0.286434
0.337486
0.131788
0.726793
0.408993
0.918995
0.27356
0.58996
0.957489
0.539165
0.570811
0.632178
0.578647
0.755841
0.468871
0.61395
0.3467
0.479135
0.327287
0.103803
0.583109
0.196391
0.453726
0.404214
0.169122
0.833298
0.815859
0.419633
0.64834
0.164777
0.610739
0.828758
1.03602
0.685642
0.378429
0.833619
0.609475
0.385245
0.255414
0.477392
0.271743
0.306583
0.486985
0.325406
0.542719
0.934585
0.846547
0.0700603
0.430175
0.591778
0.500419
0.795616
0.486278
0.591486
0.278168
0.557544
0.229014
0.370384
0.944112
0.538419
0.659928
0.145628
0.958705
0.45768
0.667751
0.0279516
0.755945
0.804376
0.339724
0.747079
0.963143
0.418963
0.301238
0.340905
0.438291
0.416885
0.158064
0.585113
0.448981
0.137293
0.368656
0.297728
0.205923
0.211879
0.461622
0.456534
0.562104
0.315884
0.58169
0.465023
0.4915
0.651672
0.416755
0.304706
0.538994
0.337381
0.746474
0.417728
0.517108
0.555045
0.256981
0.653731
0.276133
0.248911
0.451596
0.398871
0.137164
0.155419
0.0981961
0.426159
0.0525665
0.564103
0.249336
0.339999
0.347157
0.461469
0.170747
0.337657
0.353884
0.131882
0.608102
0.542746
0.310392
0.491016
0.26281
0.379335
0.0955177
0.308624
0.533803
0.286162
0.434462
0.369008
0.369946
0.334685
0.710028
0.547031
0.253009
0.706865
0.470709
0.523984
0.150652
0.453464
0.432656
0.501169
0.092187
0.278866
0.443602
0.590805
0.556291
0.572487
0.293943
0.591179
0.476288
0.300995
0.42828
0.293081
0.436164
0.57512
0.453981
0.621712
0.282351
0.548978
0.23562
0.334669
0.625922
0.350701
0.443907
0.684898
0.336157
0.624509
0.647575
0.176546
0.369981
0.316461
0.177607
0.361105
0.56861
0.477915
0.435713
0.551118
0.716809
0.368424
0.213273
0.686846
0.502182
0.559498
0.562116
0.499409
0.449652
0.712835
0.561853
0.575036
0.562407
0.38106
0.303247
0.0693344
0.469238
0.370932
0.158384
0.707348
0.111279
0.435459
0.283274
0.399344
0.295631
0.280813
0.268053
0.137165
0.569087
0.495603
0.463531
0.467796
0.37185
0.568647
0.318573
0.611229
0.375258
0.577966
0.6592
0.220455
0.299769
0.380335
0.505377
0.789713
0.255491
0.166745
0.419432
0.642017
0.0837378
0.541632
0.725596
0.313064
0.505956
0.673814
0.282181
0.183568
0.732739
0.401284
0.40516
0.258142
0.56236
0.659
0.361255
0.736029
0.272653
0.402328
0.790448
0.289391
0.0907099
0.666051
0.0816263
0.709983
0.579364
0.711235
0.340504
0.234365
0.48647
0.477648
0.625896
0.389092
0.651836
0.667911
0.426938
0.778882
0.754443
0.376161
0.336004
0.163533
0.259028
0.635391
0.414308
0.536587
0.269952
0.780467
0.780281
0.704491
0.514686
0.909234
0.761957
0.80322
0.882019
0.730988
0.634411
0.879332
0.340999
0.910986
0.751759
0.70868
0.362894
0.365136
0.360694
0.584827
0.181237
0.497367
0.339469
0.44392
0.186798
0.391816
0.151231
0.373696
0.465245
0.420818
0.679333
0.679807
0.740467
0.474293
0.623925
0.694548
0.458088
0.893952
0.256344
0.415049
0.830459
0.119553
0.602584
0.334906
0.27169
0.568712
0.0822921
0.496963
0.090701
0.688732
0.419033
0.877277
0.887693
0.541497
0.841489
0.811385
0.61487
0.232389
0.562145
0.091832
0.721782
0.391256
0.592434
0.783421
0.357571
0.897035
0.492656
0.610128
0.931561
0.623983
0.41417
0.437672
0.256903
0.749461
0.860436
0.502984
0.644209
0.10238
0.794278
0.312151
0.505353
0.719824
0.596717
0.422268
0.746581
0.107155
0.456919
0.981582
0.87195
0.541718
0.344491
0.581459
0.269361
0.598882
0.188236
0.212307
0.630834
0.462259
0.206699
0.274506
0.228316
0.533709
0.203396
0.176368
0.101023
0.683119
0.716153
0.093512
0.53182
0.926331
0.555489
1.06675
0.260712
0.658896
0.715168
0.735181
0.369371
0.593623
0.413185
0.848366
0.407649
0.875664
0.493383
0.123292
0.134103
0.327397
0.354054
0.29952
0.09485
0.328834
0.374108
0.959047
0.59619
0.0603603
0.69044
0.431672
0.472047
0.689736
0.77651
0.718864
0.658739
0.803817
0.23204
0.596112
0.686134
0.108832
0.318585
0.733881
0.057785
0.675803
0.565267
0.654187
0.870704
0.472951
0.400077
0.276117
0.0721619
0.978801
0.118338
0.868075
0.230023
0.165947
0.579563
0.559559
0.730895
0.664789
0.256813
0.3566
0.7137
0.812856
0.711385
0.443944
0.594521
0.534699
0.734482
0.424774
0.763091
0.814083
0.472421
0.988482
0.864151
0.537652
0.416752
0.50627
0.21982
0.546246
0.289668
0.108141
0.706782
0.512865
0.310983
0.370649
0.331369
0.632512
0.295235
0.227491
0.17417
0.61508
0.808931
0.190215
0.612385
0.942577
0.580739
1.06585
0.310944
0.656079
0.629613
0.758729
0.319403
0.567717
0.369059
0.840975
0.398068
0.909188
0.525906
0.0794469
0.200437
0.418853
0.296377
0.367432
0.0818972
0.332529
0.479475
0.955795
0.520384
0.157987
0.678638
0.498486
0.429059
0.630719
0.685862
0.703042
0.70637
0.767637
0.130619
0.632495
0.777474
0.172337
0.363381
0.819367
0.0823751
0.738681
0.558348
0.561616
0.845337
0.557339
0.401382
0.195831
0.0445269
0.989274
0.177359
0.905592
0.284539
0.184086
0.647223
0.594317
0.651698
0.675863
0.149684
0.460399
0.627571
0.872343
0.698664
0.538205
0.534622
0.448463
0.807095
0.329379
0.686079
0.88516
0.524831
0.427745
0.118653
0.260266
0.454445
0.304281
0.350748
0.413415
0.540289
0.407029
0.165691
0.547059
0.386511
0.431584
0.524519
0.362196
0.28709
0.549978
0.481305
0.597875
0.404721
0.371873
0.471335
0.114366
0.61295
0.21913
0.215613
0.606409
0.286967
0.275984
0.232346
0.25072
0.404221
0.118933
0.443342
0.0912953
0.393507
0.334249
0.364649
0.305668
0.248238
0.394715
0.142027
0.518053
0.507974
0.46659
0.496974
0.263505
0.242382
0.25238
0.440684
0.689119
0.299011
0.281299
0.435449
0.46658
0.184706
0.561613
0.561635
0.168569
0.552446
0.503288
0.366086
0.14487
0.611512
0.462525
0.366648
0.0862572
0.390229
0.486045
0.521963
0.571903
0.444875
0.248374
0.622062
0.32054
0.147957
0.578204
0.207899
0.534469
0.484498
0.609132
0.468336
0.284612
0.428339
0.382933
0.491933
0.467905
0.494518
0.58976
0.527236
0.172684
0.452743
0.729344
0.74377
0.789895
0.595004
0.920945
1.0403
0.655714
0.578929
1.05671
0.870906
0.929313
0.8931
0.869169
0.811095
1.07458
0.676974
0.846944
0.927199
0.708298
0.0982345
0.437584
0.110416
0.736916
0.336289
0.833298
0.273905
0.716512
0.46728
0.667365
0.185931
0.592262
0.254749
0.5069
0.909086
0.858026
0.829298
0.750112
0.741831
0.914774
0.657476
0.97213
0.0960865
0.746176
1.02138
0.333512
0.660427
0.621713
0.607664
0.903515
0.327062
0.442684
0.409191
0.955004
0.431097
0.82092
1.0864
0.680239
0.757551
1.02659
0.540475
0.435032
0.896747
0.305625
0.748605
0.587355
0.863424
1.00691
0.0329502
1.09669
0.290261
0.767862
1.14624
0.602209
0.455277
0.772953
0.316982
1.02124
0.941544
0.838942
0.493033
0.319421
0.835102
0.63986
0.829981
0.61943
0.904368
0.755517
0.608723
0.330238
0.66747
0.574768
0.654392
0.427388
0.840402
0.904264
0.666088
0.526325
0.974661
0.804973
0.855964
0.877372
0.788829
0.711115
0.969526
0.504515
0.870119
0.829839
0.694286
0.212909
0.371081
0.208005
0.646875
0.214002
0.660652
0.265562
0.57152
0.312736
0.520329
0.0236512
0.467207
0.342844
0.439048
0.785877
0.758211
0.772525
0.604206
0.668471
0.796065
0.543125
0.923374
0.0975439
0.576406
0.917835
0.186212
0.614531
0.469287
0.435209
0.730943
0.168214
0.446296
0.238304
0.815434
0.396331
0.839475
0.979801
0.594892
0.789754
0.911518
0.560841
0.307198
0.725284
0.143576
0.721473
0.471929
0.720908
0.88772
0.195801
0.989732
0.375299
0.675918
1.03249
0.596022
0.406834
0.600293
0.239457
0.879606
0.890813
0.66631
0.5559
0.167347
0.802828
0.471368
0.663359
0.657257
0.745678
0.583249
0.667463
0.378908
0.391451
0.337956
0.263843
0.523327
0.587825
0.498935
0.273592
0.654257
0.502984
0.544726
0.639369
0.473181
0.38374
0.639562
0.393408
0.698367
0.502491
0.478536
0.418214
0.154896
0.528405
0.327363
0.118485
0.533244
0.265062
0.274195
0.122364
0.231222
0.306667
0.139819
0.430782
0.18321
0.458593
0.430442
0.483072
0.307904
0.365083
0.46697
0.212915
0.636369
0.418936
0.401171
0.588203
0.151928
0.356609
0.204401
0.343389
0.616052
0.184959
0.331976
0.316909
0.503927
0.232349
0.662659
0.649667
0.282506
0.64381
0.58175
0.436838
0.0266384
0.55531
0.34728
0.480009
0.141816
0.415
0.558976
0.456401
0.659565
0.441735
0.353989
0.702631
0.412592
0.207726
0.495763
0.156305
0.570953
0.602792
0.536851
0.514667
0.173324
0.545367
0.30345
0.448922
0.54356
0.483508
0.50145
0.592195
0.647262
0.375716
0.580529
0.205445
0.518157
0.290034
0.151231
0.336518
0.141634
0.203366
0.286037
0.15874
0.192843
0.405008
0.704548
0.41633
0.256296
0.198883
0.654068
0.297891
0.830293
0.126361
0.465883
0.803356
0.458006
0.417884
0.487464
0.424383
0.644846
0.316123
0.568291
0.228665
0.358872
0.217038
0.105758
0.431797
0.0511278
0.33904
0.249898
0.25896
0.735035
0.661618
0.35426
0.5199
0.0893666
0.456771
0.676918
0.882181
0.556454
0.334554
0.695481
0.482577
0.301216
0.381394
0.420357
0.11743
0.409118
0.402135
0.332849
0.405119
0.782296
0.719756
0.153663
0.27843
0.451434
0.405186
0.717792
0.430544
0.553552
0.140061
0.497319
0.235193
0.274097
0.789819
0.429402
0.539738
0.225614
0.804631
0.4711
0.540419
0.181268
0.602282
0.652395
0.391221
0.602178
0.809111
0.470236
0.319983
0.149592
0.682542
0.477786
0.859831
0.613291
0.773532
0.714427
0.720964
0.933253
0.649668
0.52389
0.674424
0.118149
1.04187
0.606629
0.811819
0.749461
0.540966
0.77481
0.533658
0.453156
0.156261
0.643654
0.236691
0.298284
0.222948
0.558482
0.345811
0.805438
0.545059
0.458261
0.550997
0.726249
0.236558
0.607272
0.487191
0.397502
0.858658
0.670114
0.0151305
0.641811
0.423597
0.672053
0.20232
0.16462
0.236945
0.419647
0.720688
0.370961
0.3909
0.620031
1.00543
0.675695
0.530194
1.00451
0.585412
0.817922
0.386019
0.164634
0.480761
0.790408
0.386676
0.310533
0.548437
0.760964
0.681943
0.822062
0.539653
0.686607
0.773975
0.59024
0.151348
0.530227
0.428788
0.82794
0.157882
0.905505
0.431687
0.82795
0.104039
0.0965795
0.921659
0.220447
0.18168
0.977421
0.330852
0.365714
0.250685
0.641572
0.405397
0.453907
0.408751
0.405802
0.650877
0.337932
0.213305
0.367977
0.415288
0.791562
0.286647
0.567416
0.754812
0.418641
0.85963
0.249738
0.453691
0.465211
0.585061
0.101178
0.350495
0.149363
0.631732
0.201395
0.745961
0.381186
0.151132
0.233511
0.43197
0.0853741
0.327268
0.174947
0.16914
0.54949
0.748599
0.335063
0.328771
0.468195
0.429926
0.209401
0.420442
0.535641
0.489615
0.576017
0.547822
0.166346
0.485757
0.756236
0.372317
0.272469
0.775942
0.286365
0.638797
0.35488
0.422528
0.626892
0.529125
0.219824
0.0871194
0.253641
0.794322
0.380159
0.748876
0.24403
0.402005
0.564935
0.447446
0.471289
0.488318
0.233956
0.520764
0.464834
0.758513
0.487289
0.545453
0.325161
0.293217
0.727286
0.226465
0.500779
0.797951
0.659637
0.546554
0.755739
0.516198
0.769431
0.672657
0.693099
0.862841
0.618599
0.49848
0.698469
0.130936
0.948602
0.600887
0.721603
0.6
0.41851
0.630238
0.483938
0.307918
0.271979
0.501415
0.229817
0.15494
0.187166
0.410308
0.264408
0.66053
0.436149
0.481902
0.53528
0.672415
0.249888
0.548809
0.505314
0.33866
0.816873
0.523674
0.153945
0.657247
0.274613
0.587058
0.13277
0.0977991
0.354057
0.270083
0.595471
0.241854
0.454061
0.496176
0.912317
0.703125
0.4647
0.901307
0.61689
0.700234
0.252593
0.310132
0.344449
0.710338
0.302922
0.359828
0.583159
0.611671
0.711009
0.678841
0.498206
0.730227
0.668948
0.470732
0.231931
0.388735
0.506873
0.784259
0.276081
0.776014
0.282173
0.76066
0.045944
0.236038
0.806524
0.33104
0.239577
0.856021
0.397608
0.466488
0.352101
0.135771
0.0909553
0.0429395
0.345559
0.0518954
0.161497
0.21358
0.766694
0.530777
0.0998921
0.363143
0.851255
0.483468
1.01738
0.195964
0.629023
0.830738
0.65468
0.447899
0.608711
0.476692
0.816997
0.415721
0.772835
0.414051
0.26769
0.132203
0.149271
0.446227
0.180127
0.236932
0.330381
0.193489
0.916651
0.69767
0.170653
0.674394
0.293124
0.526898
0.756784
0.901131
0.708268
0.539994
0.825128
0.398279
0.500832
0.502048
0.229634
0.245513
0.555398
0.241493
0.530677
0.549703
0.785741
0.870193
0.300235
0.390733
0.410306
0.260158
0.912104
0.238936
0.758799
0.170643
0.309675
0.43007
0.469927
0.83355
0.610048
0.436665
0.171418
0.83046
0.669439
0.695754
0.258886
0.668098
0.657914
0.572854
0.569844
0.860561
0.65331
0.807691
0.602482
0.408298
0.478664
0.439065
0.740612
0.402938
0.325887
0.25615
0.593413
0.915911
0.298321
0.715652
1.00268
0.652833
1.11008
0.40531
0.704236
0.58132
0.826643
0.336392
0.596655
0.388511
0.881782
0.449341
0.98298
0.604181
0.16137
0.30462
0.526108
0.306363
0.467839
0.17919
0.398306
0.586308
0.998962
0.490458
0.25525
0.718212
0.596635
0.445894
0.620517
0.627846
0.738323
0.791691
0.780998
0.0926915
0.711399
0.88409
0.248906
0.453306
0.923962
0.17205
0.832795
0.605402
0.502332
0.868712
0.662223
0.461384
0.188793
0.141317
1.04414
0.25019
0.982305
0.381706
0.225731
0.744481
0.672746
0.613047
0.735298
0.0567418
0.567977
0.578362
0.96372
0.73696
0.645778
0.526287
0.404302
0.905999
0.273082
0.650012
0.982988
0.247554
0.573298
0.377976
0.444998
0.253659
0.432084
0.48183
0.679219
0.886669
0.206687
0.539322
0.104414
0.560913
0.349294
0.76606
0.40625
0.524915
1.01308
0.402282
0.656829
0.621076
0.645821
0.648642
0.515193
0.423312
0.319596
0.64748
0.506818
0.318452
0.679178
0.339887
0.62878
0.48457
0.397002
0.698932
0.87244
0.632368
0.587477
0.213954
0.65757
0.841375
1.0956
0.623337
0.220234
0.786256
0.767191
0.285577
0.174049
0.695167
0.370001
0.145578
0.688604
0.116762
0.5178
1.01277
0.767703
0.168975
0.47482
0.724405
0.694158
0.632783
0.704775
0.394396
0.426707
0.77465
0.0867924
0.296054
0.984976
0.448985
0.826962
0.377927
1.01567
0.229209
0.602428
0.241817
0.789634
0.888124
0.106721
0.86361
0.995307
0.18707
0.485873
0.292743
0.354031
0.368061
0.302168
0.288963
0.537358
0.646499
0.432489
0.384419
0.20643
0.502837
0.155871
0.681138
0.203387
0.336487
0.767472
0.306862
0.410728
0.39408
0.398278
0.504459
0.267909
0.421787
0.0939168
0.442032
0.328167
0.250763
0.434591
0.173596
0.431028
0.241057
0.398083
0.588529
0.626166
0.484367
0.395587
0.0889981
0.411378
0.606312
0.849668
0.432966
0.196488
0.584904
0.547122
0.15002
0.396163
0.551778
0.149651
0.391362
0.517528
0.234158
0.296952
0.76524
0.593056
0.20782
0.227373
0.491226
0.512061
0.5668
0.562228
0.409952
0.232794
0.624478
0.163837
0.123965
0.742117
0.286874
0.611587
0.366108
0.769864
0.361292
0.414647
0.280569
0.547235
0.640717
0.323148
0.621638
0.754782
0.392556
0.202201
0.134607
0.402155
0.187614
0.277119
0.161677
0.867358
0.599407
0.168905
0.468967
0.98654
0.619239
1.15304
0.32815
0.762408
0.913993
0.789937
0.546955
0.733066
0.582839
0.951184
0.539218
0.904741
0.549807
0.323689
0.235329
0.259337
0.538747
0.315446
0.292121
0.453392
0.215498
1.05193
0.788557
0.153621
0.805967
0.421136
0.637356
0.86482
0.97856
0.83907
0.669742
0.949348
0.438642
0.635315
0.575992
0.174874
0.380206
0.641252
0.236254
0.650057
0.680357
0.857767
0.999782
0.404365
0.518022
0.477569
0.269357
1.04774
0.179678
0.889346
0.300327
0.246251
0.549021
0.605091
0.924616
0.745549
0.45829
0.21423
0.912948
0.787795
0.827366
0.341689
0.772583
0.735242
0.679789
0.630366
0.954651
0.759646
0.0682759
0.262151
0.0772206
0.195504
0.30421
0.788226
0.441766
0.181893
0.273982
0.795515
0.437766
0.971413
0.189014
0.599084
0.867153
0.599592
0.477779
0.601352
0.498137
0.782045
0.414825
0.705714
0.368009
0.336652
0.186568
0.0595231
0.482294
0.138289
0.308323
0.334315
0.144869
0.875038
0.72941
0.261471
0.649887
0.220722
0.541848
0.77045
0.941339
0.685522
0.469279
0.815236
0.468742
0.442594
0.412261
0.320281
0.22124
0.464461
0.329744
0.448514
0.529612
0.83104
0.849021
0.210343
0.383185
0.466378
0.345254
0.859423
0.329433
0.689047
0.175886
0.400399
0.347446
0.415707
0.863376
0.568504
0.513453
0.113517
0.867487
0.586716
0.670888
0.1695
0.687048
0.701184
0.484628
0.625818
0.887373
0.565038
0.307328
0.0747832
0.197587
0.242655
0.802698
0.496164
0.142335
0.34072
0.8564
0.493291
1.02797
0.219315
0.646689
0.870273
0.65995
0.485375
0.635352
0.512086
0.832749
0.44392
0.770895
0.423404
0.310624
0.172729
0.127114
0.485126
0.188407
0.279866
0.359649
0.150551
0.929346
0.736078
0.204675
0.694497
0.28667
0.560613
0.790595
0.94144
0.729173
0.535358
0.851258
0.441181
0.503986
0.468653
0.258674
0.263092
0.52572
0.279733
0.51678
0.571294
0.826845
0.892001
0.27655
0.416415
0.45252
0.300465
0.919024
0.267276
0.755048
0.197722
0.338692
0.415714
0.475241
0.871669
0.6223
0.478983
0.129077
0.870117
0.65499
0.71575
0.226129
0.703264
0.69858
0.551716
0.612196
0.897996
0.632041
0.338855
0.444568
0.54554
0.988823
0.19827
0.442806
0.185217
0.801974
0.518281
1.00233
0.404342
0.702248
1.08929
0.625772
0.7024
0.756861
0.710409
0.857238
0.599182
0.672971
0.461872
0.597313
0.445548
0.22157
0.714167
0.327675
0.569823
0.535933
0.189054
0.924743
0.947634
0.511552
0.762588
0.282769
0.741858
0.957932
1.1678
0.799974
0.450491
0.952909
0.729104
0.481041
0.178967
0.561207
0.403364
0.255876
0.586727
0.367374
0.663714
1.06585
0.957875
0.160306
0.559964
0.718137
0.605411
0.872993
0.568835
0.645721
0.406846
0.639829
0.290951
0.473708
1.0756
0.642549
0.775455
0.188603
1.09051
0.47979
0.781074
0.105938
0.88671
0.935557
0.341065
0.875068
1.09424
0.410615
0.125909
0.248782
0.729222
0.5143
0.109903
0.330762
0.799932
0.431649
0.965483
0.146185
0.577796
0.800399
0.603405
0.413374
0.561338
0.43845
0.76545
0.369406
0.723623
0.3623
0.259437
0.110136
0.124356
0.414854
0.129171
0.231169
0.284928
0.211605
0.864797
0.664752
0.200394
0.623854
0.247775
0.486229
0.716166
0.872919
0.658017
0.492325
0.777476
0.391531
0.450187
0.483547
0.264497
0.193974
0.530576
0.260282
0.488957
0.499647
0.760345
0.820331
0.27034
0.342624
0.391398
0.272305
0.860486
0.274426
0.710364
0.123163
0.343187
0.389254
0.418779
0.799908
0.55816
0.436601
0.183717
0.800445
0.627692
0.645186
0.242987
0.629376
0.631136
0.537465
0.551176
0.825543
0.617734
0.263731
0.60545
0.601546
0.118822
0.391429
0.752395
0.380406
0.899987
0.0856188
0.497129
0.67451
0.559835
0.287875
0.456166
0.31522
0.687467
0.262404
0.699324
0.317219
0.166029
0.0472138
0.223141
0.288963
0.142121
0.147389
0.176758
0.336739
0.794336
0.538985
0.21034
0.535468
0.271345
0.36571
0.595454
0.747316
0.566998
0.48486
0.672306
0.291679
0.419785
0.567913
0.276103
0.142504
0.601179
0.22956
0.511362
0.409068
0.635761
0.725579
0.341498
0.243801
0.273796
0.223202
0.806769
0.286505
0.692049
0.0571615
0.341887
0.419889
0.383194
0.674327
0.494241
0.347114
0.307562
0.674579
0.64581
0.556819
0.34115
0.506616
0.506129
0.580495
0.432035
0.700423
0.658083
0.779108
0.737984
0.153048
0.57638
1.01587
0.643511
1.16209
0.342965
0.755915
0.802539
0.822436
0.468687
0.694383
0.513464
0.945901
0.507224
0.956822
0.578726
0.218224
0.217273
0.362851
0.451757
0.366531
0.193159
0.426787
0.367269
1.05529
0.688909
0.0536892
0.789278
0.494338
0.572579
0.788255
0.859908
0.818316
0.732725
0.90484
0.304266
0.677986
0.711095
0.0160748
0.401479
0.767881
0.0917949
0.737239
0.663594
0.735773
0.971163
0.51377
0.497746
0.365007
0.129681
1.07049
0.0256452
0.946898
0.311456
0.0962306
0.637915
0.642795
0.82217
0.75762
0.309976
0.358313
0.800664
0.875824
0.810337
0.468783
0.692656
0.621356
0.785228
0.503529
0.855528
0.86563
1.07899
0.698701
0.851393
0.696512
0.548298
0.694247
0.601369
0.424316
0.157485
0.619424
0.320633
0.278597
0.290797
0.49159
0.389732
0.773253
0.567083
0.561099
0.637808
0.792618
0.329918
0.669963
0.588271
0.457761
0.93307
0.595359
0.108365
0.743122
0.381158
0.71568
0.248276
0.0693109
0.234291
0.367318
0.723921
0.279758
0.504823
0.62535
1.04266
0.781559
0.587592
1.03224
0.692107
0.830222
0.380376
0.225174
0.392542
0.838286
0.429481
0.419735
0.65593
0.697855
0.78839
0.794196
0.612413
0.797501
0.79988
0.600878
0.104958
0.508865
0.545635
0.901096
0.162829
0.902291
0.383653
0.885532
0.102281
0.210349
0.936777
0.338494
0.108641
0.984987
0.623073
0.230155
0.749788
0.55285
0.95714
0.542689
0.731012
1.1973
0.604959
0.824682
0.8207
0.821758
0.853341
0.696465
0.601577
0.515805
0.763964
0.612785
0.390146
0.842527
0.466229
0.739416
0.651113
0.387321
0.897568
1.05526
0.700491
0.793585
0.370755
0.841491
1.03767
1.27881
0.829649
0.423968
0.992097
0.892976
0.49196
0.0364525
0.753873
0.523044
0.0956415
0.771476
0.310498
0.718769
1.18781
0.974248
0.262668
0.655559
0.867634
0.786341
0.821533
0.761986
0.568823
0.554145
0.833345
0.288416
0.500322
1.17415
0.655672
0.945329
0.385208
1.1994
0.372417
0.808826
0.272267
0.97956
1.05972
0.230652
1.01795
1.18726
0.27173
0.439326
0.865654
0.493104
1.01759
0.191509
0.615876
0.749967
0.671205
0.378167
0.571417
0.414088
0.806195
0.378493
0.803855
0.42716
0.170917
0.0721383
0.233916
0.370871
0.214829
0.139333
0.29368
0.29236
0.912516
0.62171
0.0999648
0.654134
0.344977
0.469135
0.696019
0.817177
0.685395
0.580088
0.786664
0.299653
0.525234
0.592818
0.167359
0.249746
0.640455
0.150474
0.589079
0.527722
0.698828
0.843167
0.379822
0.362098
0.319473
0.163387
0.921838
0.177811
0.793854
0.160079
0.241729
0.491246
0.490375
0.757934
0.61085
0.336773
0.271267
0.749227
0.727085
0.675468
0.351019
0.603679
0.573327
0.643755
0.477387
0.787214
0.72369
0.618032
0.343634
0.817323
0.322445
0.527559
0.967389
0.440608
0.59542
0.599912
0.591625
0.674643
0.466681
0.494165
0.295636
0.557355
0.411962
0.214493
0.614261
0.249993
0.536492
0.421639
0.298707
0.739713
0.825273
0.530442
0.589244
0.140882
0.611843
0.81255
1.04876
0.626391
0.2661
0.784153
0.681386
0.29851
0.193757
0.592379
0.295899
0.210423
0.589436
0.196069
0.500853
0.957901
0.780616
0.0646027
0.425797
0.646728
0.597063
0.68871
0.601866
0.469145
0.338817
0.672121
0.107208
0.295321
0.945235
0.462358
0.738506
0.27713
0.969428
0.326043
0.606637
0.143406
0.751195
0.830163
0.211102
0.792932
0.959322
0.291341
0.372559
0.207542
0.674175
0.310786
0.853995
0.196604
0.690828
0.458193
0.644588
0.215788
0.553738
0.157143
0.439412
0.863265
0.798599
0.750821
0.72467
0.671161
0.865877
0.610085
0.889656
0.173955
0.753799
0.962271
0.326464
0.580228
0.605363
0.627995
0.928601
0.331157
0.351959
0.446744
0.921142
0.352927
0.724294
1.02848
0.616224
0.659847
0.97423
0.444951
0.405215
0.908591
0.356376
0.661368
0.542557
0.833199
0.957364
0.0719503
1.03889
0.19272
0.705576
1.09211
0.511185
0.381467
0.797203
0.267513
0.988534
0.859943
0.859298
0.394898
0.317839
0.748565
0.645862
0.829581
0.521639
0.89083
0.784192
0.510596
0.534685
0.301653
0.184287
0.686447
0.179731
0.385445
0.274488
0.354452
0.348964
0.227947
0.330149
0.0699115
0.502709
0.426291
0.402106
0.416472
0.30506
0.501189
0.254887
0.552321
0.437309
0.551615
0.589872
0.245638
0.244734
0.344315
0.497505
0.769403
0.282847
0.179789
0.441313
0.580617
0.0790887
0.517942
0.656296
0.2439
0.49266
0.605197
0.281946
0.170354
0.702986
0.43964
0.358607
0.199776
0.504468
0.591041
0.429874
0.666733
0.330655
0.333029
0.721436
0.264537
0.0536369
0.65043
0.131858
0.64844
0.519842
0.689854
0.365946
0.263339
0.435519
0.457182
0.589703
0.388769
0.603844
0.65633
0.438002
0.829321
0.409923
0.846202
0.379833
0.778874
0.520728
0.727923
0.229315
0.66778
0.361814
0.604565
0.986928
0.947172
0.9319
0.811747
0.839727
0.995148
0.739074
1.07686
0.111263
0.775109
1.10943
0.392292
0.764593
0.677285
0.625867
0.910294
0.376212
0.552209
0.41554
1.02203
0.535482
0.931271
1.17324
0.773975
0.867389
1.10916
0.650888
0.507568
0.918671
0.303226
0.856257
0.667953
0.928016
1.08725
0.136485
1.18338
0.397008
0.859723
1.22973
0.711617
0.557174
0.782789
0.407879
1.08671
1.0458
0.852147
0.600712
0.374434
0.942288
0.672837
0.865977
0.729179
0.952692
0.760473
0.716243
0.434271
0.688638
0.479765
0.299301
0.41626
0.313197
0.623348
0.226511
0.615472
0.235821
0.243952
0.127252
0.192663
0.309844
0.077641
0.229561
0.145359
0.332936
0.726023
0.548398
0.289282
0.478525
0.19273
0.353882
0.5817
0.765604
0.512306
0.399252
0.631975
0.360972
0.335989
0.507705
0.356314
0.0585366
0.532746
0.314879
0.428159
0.353748
0.661611
0.674315
0.280023
0.197228
0.325222
0.308681
0.73085
0.366798
0.607394
0.0315147
0.425217
0.339368
0.300127
0.680211
0.421599
0.421127
0.300386
0.689478
0.561411
0.499899
0.298415
0.499653
0.531269
0.501578
0.476115
0.702447
0.577884
0.577238
0.195107
0.382029
0.154901
0.334492
0.190351
0.258075
0.352693
0.243336
0.577061
0.544214
0.57164
0.415824
0.461145
0.585346
0.330205
0.724617
0.300637
0.459835
0.704034
0.0625732
0.425194
0.294772
0.362154
0.657553
0.0990636
0.323901
0.261464
0.618725
0.239439
0.696969
0.766396
0.384009
0.664007
0.699838
0.440384
0.0988349
0.616846
0.25659
0.542266
0.258923
0.527566
0.677395
0.34216
0.776388
0.371155
0.462799
0.820626
0.443335
0.232948
0.529237
0.0870797
0.685074
0.691403
0.581778
0.487079
0.0790857
0.617011
0.353174
0.525713
0.546996
0.580239
0.5261
0.581219
0.771944
0.389999
0.4266
0.379164
0.648352
0.500862
0.928316
0.696069
0.59249
0.69858
0.880984
0.385547
0.762883
0.623114
0.553694
1.01072
0.749978
0.1423
0.775207
0.537042
0.827921
0.356152
0.226335
0.0830062
0.524479
0.865122
0.430694
0.504232
0.765026
1.16085
0.801826
0.686378
1.15817
0.711348
0.966475
0.523881
0.0992626
0.543084
0.946623
0.541771
0.439107
0.673535
0.854726
0.806966
0.948235
0.693413
0.802034
0.926825
0.737368
0.0660046
0.659942
0.52694
0.98054
0.00625106
1.04728
0.540414
0.983877
0.2299
0.181196
1.07147
0.308242
0.100179
1.1244
0.535565
0.34673
0.495439
0.249997
0.385228
0.165721
0.244088
0.680128
0.605414
0.556229
0.568709
0.474572
0.679916
0.428827
0.698225
0.299359
0.651308
0.768756
0.244413
0.386684
0.468478
0.556856
0.852539
0.270349
0.182059
0.429591
0.750245
0.157603
0.574837
0.835428
0.421462
0.524248
0.784879
0.29529
0.261998
0.808143
0.382037
0.47678
0.366168
0.668157
0.770269
0.260095
0.845884
0.178594
0.511261
0.901125
0.337343
0.184867
0.72434
0.113459
0.81821
0.667687
0.776398
0.304853
0.249519
0.562516
0.546054
0.710002
0.392836
0.748257
0.720727
0.409939
0.260884
0.0521197
0.549629
0.157723
0.700437
0.364022
0.252309
0.317682
0.491191
0.0338449
0.374818
0.275529
0.173829
0.621967
0.667624
0.251709
0.428177
0.386844
0.454589
0.110687
0.320749
0.466316
0.404064
0.557238
0.449291
0.245282
0.460142
0.788527
0.473318
0.303181
0.797675
0.387527
0.635817
0.285614
0.364593
0.532763
0.56648
0.191388
0.149621
0.354514
0.723994
0.481244
0.707789
0.303434
0.502543
0.574533
0.423908
0.386534
0.430218
0.308193
0.591283
0.390622
0.744057
0.404449
0.596555
0.226436
0.235273
0.732352
0.218644
0.412699
0.797307
0.209008
0.291715
0.19385
0.50725
0.305231
0.492554
0.500118
0.588571
0.292762
0.466499
0.508109
0.279692
0.740221
0.409847
0.305173
0.646399
0.134051
0.474511
0.156558
0.223564
0.508217
0.144522
0.446419
0.216494
0.5061
0.349266
0.784958
0.702311
0.380974
0.765732
0.624914
0.555476
0.104149
0.462192
0.278131
0.598636
0.219039
0.41046
0.596671
0.479279
0.711514
0.524586
0.43841
0.744911
0.534847
0.327997
0.382978
0.233835
0.568813
0.706699
0.430823
0.623694
0.148237
0.660126
0.199325
0.372264
0.662714
0.437103
0.384865
0.707777
0.498614
0.132765
0.660997
0.341404
0.299454
0.349691
0.505714
0.0838939
0.385208
0.320734
0.174558
0.642997
0.616714
0.237241
0.470906
0.336322
0.451123
0.0600385
0.282
0.458881
0.35259
0.530566
0.398671
0.297339
0.431467
0.785379
0.518899
0.30725
0.78893
0.434755
0.615928
0.240012
0.36726
0.480789
0.567982
0.171691
0.201474
0.402776
0.675696
0.527159
0.670122
0.322258
0.551299
0.561514
0.396825
0.367113
0.387445
0.359827
0.611344
0.380605
0.717909
0.353523
0.605245
0.191411
0.242867
0.715629
0.252993
0.389481
0.777382
0.443839
0.337502
0.416588
0.762626
0.734561
0.750018
0.58245
0.645379
0.772663
0.519536
0.901121
0.118185
0.56058
0.894196
0.163574
0.592849
0.448243
0.422311
0.71993
0.147398
0.429373
0.231282
0.793196
0.376326
0.822319
0.956192
0.571495
0.774081
0.888048
0.544837
0.283735
0.710816
0.145129
0.70079
0.448329
0.698886
0.86436
0.206392
0.966128
0.368951
0.65235
1.00901
0.57734
0.385715
0.588901
0.217641
0.857589
0.868489
0.653925
0.544749
0.145192
0.781658
0.454757
0.645992
0.642635
0.726053
0.573145
0.655203
0.548126
0.208884
0.319207
0.306818
0.40962
0.188532
0.28577
0.328893
0.0858504
0.557201
0.557843
0.358972
0.457419
0.283356
0.328045
0.145234
0.360973
0.58259
0.311215
0.400107
0.410233
0.367692
0.30247
0.660013
0.516351
0.20077
0.659265
0.444712
0.483194
0.1604
0.497847
0.46536
0.449248
0.040909
0.282983
0.420521
0.595064
0.525975
0.553417
0.246246
0.565712
0.430125
0.266517
0.479552
0.28694
0.435351
0.524083
0.503019
0.587239
0.304095
0.496414
0.287802
0.375354
0.583004
0.376352
0.495928
0.644679
0.383938
0.831871
0.742723
0.654856
0.733375
0.595379
0.828689
0.584888
0.781796
0.327084
0.812408
0.903371
0.392295
0.485039
0.633977
0.708062
1.00747
0.410605
0.237804
0.555147
0.909749
0.279558
0.578354
0.970757
0.557205
0.509371
0.928143
0.306765
0.427173
0.969431
0.482521
0.545227
0.526162
0.830319
0.916911
0.225523
0.981246
0.0355784
0.646694
1.04068
0.387648
0.316402
0.877551
0.277506
0.977687
0.754581
0.933042
0.238908
0.391947
0.632669
0.705862
0.874391
0.371304
0.913891
0.870649
0.354438
0.449458
0.362097
0.33348
0.392314
0.235242
0.445013
0.2124
0.484729
0.50703
0.556987
0.525037
0.301838
0.182006
0.343313
0.522542
0.778924
0.339197
0.195315
0.491306
0.537411
0.107225
0.479926
0.591921
0.177419
0.465159
0.544806
0.274834
0.205218
0.702743
0.499886
0.301579
0.172636
0.468244
0.532978
0.498406
0.602395
0.379713
0.267334
0.659095
0.232804
0.0686328
0.665872
0.200765
0.604523
0.451973
0.698935
0.380653
0.321083
0.373865
0.470579
0.583113
0.37679
0.581705
0.675722
0.436096
0.152124
0.37753
0.233744
0.308099
0.0320159
0.253182
0.46115
0.877048
0.472962
0.183647
0.600725
0.435621
0.359345
0.570409
0.655227
0.62587
0.633175
0.696296
0.132098
0.556439
0.731065
0.221675
0.292526
0.766827
0.135339
0.671526
0.479588
0.534079
0.770628
0.506201
0.321938
0.154084
0.104244
0.909827
0.229265
0.829086
0.220883
0.25293
0.583207
0.518041
0.607603
0.596456
0.181691
0.437737
0.591142
0.803021
0.620931
0.497764
0.474647
0.412502
0.744968
0.30811
0.639858
0.821729
0.225406
0.314487
0.169
0.126643
0.221727
0.319658
0.841549
0.566128
0.163708
0.582033
0.301336
0.402791
0.631438
0.768985
0.613256
0.52464
0.715771
0.283581
0.463227
0.58034
0.230026
0.185608
0.619459
0.189771
0.54447
0.45562
0.654121
0.771159
0.357615
0.28996
0.281722
0.188689
0.853461
0.240476
0.734497
0.0961651
0.297969
0.450102
0.427199
0.702181
0.541246
0.332667
0.293129
0.698278
0.680622
0.60336
0.345646
0.540692
0.525916
0.608164
0.441598
0.729821
0.686888
0.499623
0.12385
0.351254
0.334901
0.153491
0.838467
0.741014
0.318767
0.625449
0.171144
0.544477
0.769789
0.957376
0.661902
0.41738
0.798923
0.508744
0.398628
0.3592
0.378904
0.209344
0.407609
0.383813
0.390728
0.509453
0.851101
0.825295
0.15106
0.374466
0.496894
0.39666
0.816299
0.388196
0.636812
0.189122
0.458923
0.289711
0.374727
0.872802
0.533902
0.557517
0.120016
0.881731
0.52852
0.646031
0.120275
0.690562
0.720717
0.425107
0.654538
0.89465
0.505515
0.386719
0.25932
0.194617
0.625349
0.700522
0.251687
0.413741
0.419943
0.473826
0.139555
0.336679
0.459061
0.436482
0.586482
0.476154
0.214459
0.490265
0.806559
0.455412
0.319583
0.818633
0.36786
0.662255
0.319458
0.351825
0.562366
0.582515
0.220101
0.118151
0.33354
0.757739
0.462904
0.740312
0.310622
0.480339
0.598044
0.453581
0.387842
0.463828
0.27607
0.595467
0.385632
0.772866
0.437322
0.608232
0.240916
0.221443
0.757244
0.189405
0.416395
0.823528
0.288897
0.212352
0.273732
0.740966
0.62185
0.314392
0.511599
0.132453
0.42169
0.646082
0.840685
0.547247
0.366673
0.678775
0.431449
0.32102
0.431562
0.381419
0.0858282
0.460245
0.356751
0.376308
0.391687
0.738235
0.710762
0.203737
0.250869
0.401431
0.357683
0.732388
0.391777
0.583077
0.0889591
0.456534
0.281115
0.2898
0.752093
0.433925
0.488748
0.240234
0.763914
0.513432
0.532608
0.221772
0.567771
0.607997
0.439701
0.553545
0.772921
0.518086
0.257302
0.430413
0.885906
0.501988
0.154948
0.611953
0.418718
0.380174
0.595379
0.68653
0.638397
0.624494
0.714971
0.16154
0.551318
0.706975
0.198168
0.281502
0.745076
0.11684
0.657633
0.488985
0.565704
0.786156
0.483608
0.327707
0.18545
0.0921853
0.914374
0.206466
0.824545
0.204001
0.237422
0.567157
0.513274
0.637083
0.600188
0.20627
0.407552
0.621859
0.790806
0.632478
0.471511
0.499983
0.443507
0.727876
0.340117
0.668868
0.80544
0.478255
0.630662
0.41179
0.375794
0.362708
0.280782
0.209576
0.436392
0.633065
0.392684
0.406919
0.496081
0.326364
0.318
0.614903
0.436769
0.132692
0.624309
0.370116
0.4721
0.236811
0.536983
0.549492
0.394426
0.071283
0.256258
0.349437
0.657246
0.446654
0.585263
0.162061
0.490666
0.403887
0.279444
0.540291
0.343397
0.393986
0.445601
0.555079
0.589594
0.383864
0.430948
0.355665
0.408612
0.564198
0.380589
0.560611
0.632464
0.986426
0.873674
0.340649
0.778847
0.312348
0.686461
0.914634
1.08404
0.815351
0.54505
0.951779
0.591673
0.541424
0.366664
0.382302
0.359422
0.438359
0.421334
0.49403
0.662795
0.971945
0.978702
0.239131
0.523924
0.601191
0.445923
0.957169
0.388949
0.760039
0.320753
0.458616
0.398123
0.521115
1.00795
0.684125
0.628155
0.0335939
1.01092
0.624242
0.799378
0.155617
0.831819
0.842655
0.499103
0.761064
1.03217
0.575783
0.671225
1.00296
0.281039
0.674522
0.566394
0.526277
0.817645
0.26541
0.479799
0.321196
0.9108
0.44808
0.869216
1.06611
0.671856
0.811903
1.00047
0.587358
0.397466
0.818084
0.21341
0.773474
0.559409
0.816753
0.977898
0.12722
1.07618
0.362281
0.755957
1.12123
0.636667
0.465364
0.68811
0.307046
0.975443
0.954619
0.755774
0.558935
0.263201
0.857762
0.567171
0.759711
0.675374
0.843209
0.668593
0.673951
0.656547
0.428544
0.685674
0.214884
0.159595
0.223619
0.423324
0.731227
0.368661
0.404159
0.630631
1.01882
0.690073
0.544478
1.01726
0.599736
0.829353
0.394952
0.157023
0.479315
0.804347
0.399867
0.324744
0.562689
0.763923
0.696262
0.829541
0.554563
0.700346
0.786459
0.601273
0.136243
0.537969
0.44093
0.842925
0.144166
0.91561
0.435965
0.842393
0.108007
0.102707
0.933395
0.230503
0.166901
0.988553
0.7385
0.44341
0.529258
0.748829
0.835938
0.768081
0.68004
0.858427
0.287296
0.624426
0.672323
0.0674403
0.3478
0.725889
0.0835196
0.686997
0.612522
0.713188
0.922268
0.468799
0.446448
0.336101
0.115753
1.01709
0.077915
0.89367
0.257775
0.143185
0.588276
0.589158
0.791246
0.704464
0.304674
0.327559
0.773685
0.825358
0.75964
0.429194
0.653855
0.594574
0.737857
0.48284
0.823447
0.818127
0.483797
0.288439
0.315806
0.615447
0.0373939
0.384981
0.199029
0.629775
0.301969
0.759527
0.798901
0.431467
0.726332
0.728025
0.501991
0.126412
0.584504
0.199857
0.602394
0.29242
0.53577
0.703198
0.345237
0.808653
0.414345
0.505642
0.849018
0.505862
0.295166
0.48528
0.14531
0.694441
0.745448
0.541935
0.543576
0.0214038
0.675622
0.320556
0.503257
0.608269
0.57106
0.478823
0.64046
0.473239
0.680138
0.908953
0.521136
0.248711
0.670991
0.553424
0.229358
0.334434
0.509655
0.157459
0.346204
0.489049
0.24427
0.381072
0.817085
0.681783
0.124306
0.287357
0.511434
0.490016
0.64643
0.519859
0.468453
0.214947
0.586364
0.148869
0.209227
0.807522
0.375208
0.613843
0.281239
0.829831
0.38211
0.503088
0.19186
0.614587
0.689281
0.309368
0.654236
0.822959
0.386745
0.229994
0.438293
0.301073
0.523737
0.338803
0.353988
0.423176
0.805039
0.578281
0.339574
0.802378
0.4946
0.617194
0.207043
0.360002
0.422819
0.593934
0.186066
0.257607
0.462779
0.631998
0.58664
0.64593
0.366641
0.611327
0.571659
0.391401
0.334643
0.356997
0.414678
0.654149
0.358493
0.710259
0.304136
0.637959
0.146099
0.245969
0.7201
0.285482
0.352408
0.777515
0.301165
0.299968
0.669749
0.212711
0.529386
0.572821
1.00156
0.792084
0.561633
0.986628
0.704334
0.778943
0.327478
0.292837
0.325143
0.803979
0.398688
0.438805
0.669475
0.628607
0.799578
0.729943
0.595974
0.814661
0.754719
0.550805
0.170053
0.44801
0.576318
0.881989
0.231801
0.844856
0.317009
0.856476
0.0961022
0.261161
0.8861
0.380272
0.163948
0.931118
0.601064
0.947981
0.496568
0.557314
0.847943
1.24236
0.858027
0.7656
1.24059
0.768179
1.04948
0.606359
0.125522
0.607411
1.02684
0.623482
0.501146
0.730263
0.92615
0.862478
1.0281
0.768975
0.85207
1.00944
0.820368
0.131398
0.741026
0.571915
1.05443
0.0799937
1.12983
0.617762
1.06215
0.312618
0.24385
1.15445
0.357642
0.149868
1.20737
0.418528
0.164468
0.648686
0.337761
0.79575
0.827556
0.46636
0.761402
0.754899
0.536017
0.15872
0.577502
0.163561
0.639785
0.323297
0.553638
0.729045
0.342101
0.83719
0.434751
0.538884
0.875776
0.542239
0.332002
0.470018
0.178041
0.712257
0.781916
0.529618
0.57275
0.021509
0.712945
0.31568
0.503469
0.641806
0.579102
0.46083
0.671858
0.582995
0.729483
0.100702
0.393193
0.74736
0.343596
0.346755
0.71387
0.11806
0.343546
0.882756
0.553221
0.311081
0.366383
0.66313
0.707557
0.422631
0.757779
0.219769
0.429092
0.820746
0.159546
0.133756
0.827181
0.240517
0.795875
0.517265
0.86866
0.187343
0.397081
0.39868
0.635411
0.768559
0.223313
0.775643
0.831084
0.261372
0.688358
0.500887
0.957809
0.911826
0.594071
0.925354
0.830924
0.700459
0.291159
0.504887
0.112823
0.792721
0.434874
0.592309
0.800311
0.4339
0.920662
0.582991
0.654707
0.94906
0.703993
0.492464
0.367684
0.342494
0.744748
0.918187
0.436625
0.734076
0.185919
0.861359
0.276464
0.466388
0.806264
0.572207
0.347396
0.835282
0.643929
0.859525
0.30131
0.401505
0.891694
0.212626
0.7807
0.520094
0.43247
0.776736
0.6331
0.384147
0.0964329
0.175032
0.960073
0.305375
0.911263
0.34257
0.298253
0.697904
0.605267
0.530924
0.654632
0.0679768
0.569085
0.501816
0.907154
0.648099
0.628814
0.434641
0.324027
0.860932
0.199839
0.566819
0.935589
0.458297
0.691733
0.277663
0.425061
0.64879
0.206475
0.245482
0.782059
0.485012
0.326157
0.270844
0.572532
0.638374
0.417676
0.702225
0.273292
0.367277
0.761152
0.205673
0.0387027
0.728074
0.165312
0.711228
0.510565
0.768496
0.287241
0.316878
0.409716
0.535509
0.668277
0.313902
0.678785
0.733
0.359847
0.727057
0.487167
0.0856392
0.741915
0.28191
0.683251
1.15151
0.941615
0.227832
0.619106
0.832821
0.755832
0.796182
0.735387
0.546328
0.519778
0.806823
0.253831
0.465658
1.13773
0.62256
0.912604
0.361959
1.16295
0.354032
0.775021
0.243168
0.943173
1.02351
0.209991
0.982548
1.15091
0.259994
0.41485
0.783948
0.0905959
0.752742
0.673474
0.733543
0.979512
0.529807
0.507885
0.36559
0.128299
1.08264
0.0104918
0.96111
0.324833
0.0801569
0.653529
0.65634
0.8227
0.769423
0.303597
0.373786
0.799832
0.891284
0.819896
0.484802
0.696298
0.620641
0.80114
0.501024
0.856454
0.881534
0.50354
0.372032
0.380164
0.309139
0.667712
0.629493
0.263329
0.165129
0.354416
0.3641
0.673562
0.425335
0.549567
0.0900274
0.483491
0.296827
0.241626
0.672389
0.366103
0.464506
0.325965
0.687742
0.510505
0.452696
0.298684
0.48531
0.538395
0.459992
0.497177
0.691808
0.534094
0.79085
0.229434
0.662121
1.15617
0.899967
0.262045
0.618669
0.856393
0.80145
0.731287
0.792784
0.476022
0.549147
0.864091
0.232361
0.439101
1.13051
0.584655
0.948269
0.429536
1.16069
0.27747
0.740196
0.300688
0.935168
1.03052
0.138287
1.00042
1.14088
0.176507
0.733054
0.604321
0.643986
0.902983
0.530276
0.441212
0.275113
0.0379182
1.02498
0.0965312
0.921453
0.284778
0.121002
0.637124
0.611756
0.732148
0.710566
0.222842
0.406205
0.709393
0.869849
0.748662
0.499217
0.60835
0.530153
0.792262
0.411739
0.766002
0.871845
0.451465
0.977086
0.670957
0.255455
0.44548
0.725023
0.73281
0.516884
0.762842
0.278502
0.454218
0.830121
0.101071
0.229536
0.93207
0.358173
0.844498
0.470863
0.969662
0.1388
0.514616
0.339304
0.738109
0.857936
0.107458
0.851102
0.938274
0.161568
0.550517
0.320737
0.504043
0.166156
0.429518
0.580785
0.440193
0.683307
0.440168
0.380167
0.72529
0.43188
0.223897
0.483837
0.149957
0.586623
0.629224
0.527725
0.523485
0.147752
0.570518
0.294102
0.448291
0.558642
0.49016
0.487669
0.604697
0.617624
0.930919
0.537992
0.380393
0.606093
0.915881
0.73781
0.986463
0.661981
0.726595
0.927963
0.751139
0.159909
0.694748
0.446448
0.943284
0.0937508
1.06841
0.591067
0.959914
0.264288
0.130408
1.07938
0.232638
0.1975
1.13752
0.79823
0.482085
0.680313
0.874778
0.33295
0.988844
0.513623
0.700171
1.02304
0.690574
0.48539
0.479563
0.319717
0.836297
0.945298
0.549052
0.683866
0.179484
0.873598
0.382886
0.575125
0.772855
0.675147
0.457721
0.79171
0.408982
0.60502
0.539732
0.730896
0.539164
0.522186
0.292124
0.609743
0.159149
0.315568
0.928575
0.484644
0.687878
0.215414
0.948281
0.388653
0.620992
0.0876305
0.736772
0.801719
0.275603
0.755576
0.945074
0.355741
0.304936
0.419892
0.587903
0.517804
0.52924
0.220104
0.561857
0.390047
0.233702
0.520166
0.275142
0.452123
0.490584
0.543924
0.552862
0.31368
0.457844
0.327802
0.414558
0.544136
0.409349
0.536093
0.607047
0.237953
0.869628
0.371605
0.834126
0.314373
0.377796
0.64936
0.534303
0.45719
0.568426
0.158704
0.57483
0.437594
0.845527
0.553696
0.614014
0.343133
0.258613
0.812129
0.159884
0.490889
0.883629
1.00636
0.133795
0.91161
0.279998
0.148759
0.638791
0.600749
0.694737
0.692076
0.189014
0.428738
0.671558
0.868336
0.723595
0.514384
0.573406
0.492347
0.796394
0.3739
0.728776
0.87536
1.09299
0.260847
0.762025
1.14402
0.582078
0.443908
0.795219
0.314423
1.02678
0.927029
0.860288
0.464351
0.332681
0.817839
0.65693
0.845552
0.593027
0.916061
0.778875
0.579944
0.971584
0.335319
0.0714459
0.663549
0.666829
0.828526
0.779711
0.305411
0.381102
0.804904
0.901412
0.829627
0.493365
0.70372
0.625821
0.810815
0.505202
0.862487
0.891223
0.638332
1.03234
0.363559
0.311284
0.898837
0.292022
0.979064
0.733582
0.952831
0.203901
0.415447
0.609264
0.723798
0.888401
0.338259
0.923083
0.893167
0.31927
0.394083
0.363175
0.331552
0.687936
0.452183
0.400537
0.28913
0.693973
0.58869
0.527041
0.301487
0.511409
0.531602
0.524298
0.468913
0.711571
0.601537
0.73146
0.724915
0.828963
0.829761
0.282457
0.451795
0.799458
0.968408
0.86964
0.564797
0.71858
0.62224
0.880434
0.495133
0.864492
0.960777
0.211908
0.898289
0.370867
0.759805
0.37336
0.929472
0.239501
0.521638
0.245771
0.702946
0.804204
0.163167
0.784248
0.908518
0.238525
0.702539
0.169078
0.672544
0.489476
0.740649
0.321089
0.311872
0.395995
0.508653
0.635438
0.335904
0.642472
0.709082
0.387308
0.613814
0.560572
0.976861
0.0722498
1.00655
0.486995
0.971059
0.195343
0.20892
1.03819
0.342487
0.0394218
1.08791
0.722261
0.651687
0.664286
0.400018
0.156576
0.564422
0.433081
0.596999
0.46377
0.639239
0.611908
0.495213
0.608013
0.523824
0.972318
0.7124
0.677764
0.483548
0.351654
0.922494
0.218936
0.598014
0.998017
0.980835
0.603166
0.766009
0.136498
0.799683
0.813687
0.481827
0.734685
1.0007
0.559735
1.05104
0.545454
0.985035
0.233654
0.179335
1.07453
0.305286
0.106317
1.12776
0.551472
0.468626
0.817396
0.955516
0.144633
0.962201
1.00796
0.115699
0.694948
0.328024
0.513541
0.620345
0.585062
0.478821
0.650374
0.7833
0.829619
0.34533
0.770188
0.990338
0.423352
0.193302
0.843793
0.296692
0.208373
0.89517
0.958358
0.134172
0.246516
1.01917
0.94476
1.04498
0.0804573
0.380479
1.01216
1.09234
