9.1361
9.19606
9.60467
9.4515
9.32192
9.39037
9.05921
9.3324
9.15032
9.10898
9.27
9.09792
9.32321
9.14443
9.18766
9.40415
9.4097
9.52093
9.47557
9.81421
9.18586
9.16574
8.93777
9.33719
9.0607
9.27083
9.26418
9.55842
8.82752
9.09429
9.25339
9.31415
9.40471
9.26113
9.34898
8.76075
9.33864
9.06417
8.921
9.2218
9.31741
9.09455
9.47728
9.34329
9.07698
8.94951
9.70539
9.10877
8.77554
8.94538
9.2838
9.486
9.21145
9.47276
9.6567
9.42203
9.24357
9.62357
9.02738
9.11141
9.62789
9.4901
9.03185
9.50466
9.36572
9.45146
8.95278
9.31175
9.06803
9.25509
9.54615
9.14411
9.09771
9.04613
8.95527
9.31371
9.22784
9.46113
9.00694
9.14799
9.61926
9.31361
9.45013
9.27686
9.33697
8.83211
9.6008
9.15105
9.02469
9.19779
9.19172
9.50461
8.86757
9.18108
9.26622
9.3112
9.19472
9.47248
9.39962
9.21419
9.663
9.3592
9.30532
9.61263
9.07379
9.36643
9.2746
9.03739
9.54535
9.16251
8.88359
9.22357
9.17477
9.33972
8.87631
9.00741
8.99929
9.22305
9.38749
9.2676
8.8322
9.16045
9.33707
9.18153
8.93327
9.33857
9.36707
8.98352
8.97768
8.86301
9.13433
8.86688
9.3708
9.2045
9.30223
8.82911
9.2638
9.32558
9.16213
8.85056
9.64717
8.87208
9.41011
9.12813
9.47086
9.26361
9.08469
8.96742
9.09386
9.27815
9.16279
9.11514
9.39278
9.33811
9.1147
9.16215
9.07854
9.08531
9.19639
9.40598
9.47748
8.61377
9.30945
9.39319
9.24752
9.07865
9.17242
8.83069
9.21997
9.21526
8.90138
9.34396
9.14488
9.26985
8.60991
8.90882
9.09231
8.60673
9.6372
8.98734
8.96822
8.99546
9.29843
9.25667
8.87097
9.01471
8.70141
9.04913
9.17369
9.27692
9.09241
8.80364
9.36893
9.0637
9.03901
9.20159
9.2628
9.08236
9.32605
9.12122
9.04727
9.09382
9.15624
8.94065
9.1439
9.31145
9.27087
9.35875
9.02589
9.06374
9.20841
9.42074
8.96565
8.72792
9.13357
9.23376
9.01253
8.78115
9.19022
8.92412
9.33667
8.73211
9.45202
8.9655
9.01333
8.8354
9.21352
9.15401
8.98432
9.55057
9.15322
9.04392
9.02653
8.8364
9.15493
8.94849
8.95559
9.40703
8.93619
9.59791
9.23927
9.02475
9.08389
8.9712
9.06314
9.31328
9.3924
9.05056
8.826
9.30745
9.2524
8.85735
9.3267
8.60317
9.13734
9.27823
9.03168
8.66802
9.36931
8.9195
9.46346
8.98763
9.21896
8.2467
9.05687
9.07724
8.75617
8.75147
9.18619
8.4493
9.23816
9.03504
9.39782
9.26067
8.77819
9.54482
9.25108
9.01525
9.0959
8.99396
9.11817
9.17348
9.16825
8.88547
9.01004
9.36661
9.37754
9.34667
9.0988
9.28842
8.6858
8.92274
9.08332
9.01207
9.29986
9.18359
9.26767
9.04751
9.56989
9.40895
8.98245
9.00997
9.15183
9.28012
9.23575
9.18657
9.17845
9.52726
9.28022
8.95181
9.11988
9.33206
9.49388
9.25537
9.29119
9.15595
9.27057
9.07424
8.99278
9.38521
9.48461
9.01668
9.30957
9.52341
9.49583
9.53282
8.92732
9.25394
8.9463
9.39133
9.11317
8.99208
9.30425
9.0694
9.08435
9.37696
9.29321
8.6044
9.00826
9.2019
9.28417
9.17239
9.24734
9.37121
9.2419
9.30495
9.08645
9.19705
9.38015
9.27207
9.48559
9.41957
9.17067
9.29051
9.2985
9.02556
9.1825
9.40393
9.44846
9.16807
9.10741
9.45531
9.14872
9.1444
9.32111
9.28638
9.45844
9.10926
9.37989
9.46647
9.29026
9.39439
9.05659
9.32013
9.02254
8.93721
9.10894
9.26298
9.5675
9.30733
9.1963
9.17297
9.15217
9.4343
8.88407
8.89815
9.17217
8.86054
9.83466
9.25393
9.19592
9.41524
9.54907
9.59941
9.17415
9.02351
9.55587
9.7359
8.87109
8.85745
9.3625
9.68883
9.48307
9.47717
9.57267
9.36285
9.36591
9.11463
9.02042
9.60702
9.35195
9.44223
9.18208
9.24276
9.77136
9.28409
9.08807
9.00074
9.61958
9.08552
9.61837
8.8524
9.38357
9.10936
9.17301
9.05114
9.13229
8.7722
9.40836
9.27948
9.47351
9.27345
9.11441
9.54096
9.02715
9.56531
9.20438
8.93338
9.33901
9.03281
9.27294
8.98281
9.20909
9.67206
9.37255
9.18139
9.41001
9.27112
9.12489
9.30366
8.82442
9.31994
9.49621
9.63741
9.11495
9.36778
9.42466
9.59755
9.05838
9.12403
9.4432
9.23746
9.12166
9.33538
9.53491
9.42186
9.54481
9.41462
8.93618
9.49638
9.01017
8.73716
9.251
9.33769
9.51712
9.29592
9.29549
9.55061
9.60851
9.19208
9.20749
9.37531
8.83494
9.54989
9.43314
9.1635
9.43517
9.30636
9.18128
9.19958
9.53957
8.80951
8.94922
9.32372
9.2
9.4876
9.38556
9.33037
9.52603
9.63402
9.44822
9.13044
9.34052
9.26825
9.17922
9.27367
9.15939
9.2429
8.97229
9.12876
9.17273
9.09039
9.54029
9.2452
9.33797
9.39992
9.35766
9.08441
9.02911
8.64097
9.18728
8.87029
9.21774
9.0527
9.55663
9.29146
9.11367
9.59431
8.99814
9.20719
8.73599
9.35569
9.26721
9.11171
9.04535
8.93859
9.46218
9.38238
9.09734
9.20408
9.11434
9.4375
8.94097
9.57459
9.16705
8.97872
8.99383
9.20349
9.72188
9.09471
8.90557
9.58448
8.94871
8.86648
9.40339
9.34051
8.73872
9.66113
9.46937
9.59555
9.43636
9.1832
9.2361
9.04741
9.35506
9.30023
9.07395
9.11636
9.47696
9.09877
9.33619
9.34166
9.03762
9.13693
9.22194
9.69464
8.94821
9.27738
9.39627
9.31101
9.17575
8.76179
9.13283
9.25312
8.88064
9.11177
9.05629
9.16854
8.99889
9.31604
9.25398
9.18495
9.08567
9.06553
9.09134
8.79373
9.14963
9.11741
9.30331
9.22442
9.23548
9.23346
9.25842
8.94925
9.38802
9.06824
9.37598
9.13011
8.82018
9.07996
9.17016
8.91615
8.7568
9.19787
9.09616
9.34697
8.85551
9.49704
9.10074
9.23718
9.2019
8.96011
9.30496
8.99716
9.37543
9.06374
8.99152
9.22427
9.19685
8.99153
9.13117
9.06779
9.34448
8.93717
9.0911
9.17245
9.46104
8.87874
8.87047
8.76766
9.44711
8.69941
8.82395
9.09343
9.1869
8.97848
9.17844
9.0721
9.21951
9.00742
9.16427
9.31883
9.1705
9.18928
8.88764
8.90945
9.09404
8.93295
9.1009
9.16267
9.00619
9.22893
9.25496
9.2415
9.38515
9.12443
9.09527
9.30884
9.05504
8.94932
9.20651
9.3926
8.82687
9.05246
8.8408
9.50528
9.14382
9.19011
9.04739
9.08507
9.06008
9.5377
9.58198
8.99873
9.47954
9.07611
9.0443
8.94846
9.20464
9.00027
9.32547
8.61435
9.49323
9.01924
8.65737
8.48166
9.40665
9.46762
9.30734
9.37651
8.85103
9.0563
9.05939
8.78759
9.27886
9.16371
9.00007
9.43359
9.34111
9.494
8.85113
9.0444
9.08669
9.33059
9.24991
9.02302
9.36849
8.66043
9.08698
9.04369
9.07553
9.28803
9.1453
8.49885
9.43842
9.12553
9.18923
9.09458
9.28589
9.13828
9.565
9.18873
9.53285
9.26568
9.19989
9.14158
9.06903
9.22356
8.96761
8.9146
9.20797
9.01633
8.81192
9.22243
8.9527
9.06096
8.71564
9.22778
8.94424
9.41401
9.08727
9.36529
8.86066
9.12166
8.93586
8.89704
9.33218
9.30584
8.72841
9.2873
8.8582
8.58399
9.35905
8.75531
9.2914
8.88034
8.98827
9.23824
9.04001
9.33359
9.08884
9.56114
9.50049
9.16567
9.57348
9.15868
9.48481
9.00279
9.18194
9.07077
9.02615
9.54307
8.87801
8.95077
9.56116
9.01527
9.02798
9.21508
9.25684
8.94424
9.43451
9.23441
9.23007
8.6837
9.18015
8.76861
9.05292
8.84645
8.91108
9.138
9.32732
9.24535
8.98238
9.36422
9.16444
9.23181
9.05821
8.94998
8.7926
9.28224
9.45081
9.07271
9.00086
8.99435
8.95338
9.21456
9.57892
8.9557
9.07695
9.40742
8.99538
9.08545
9.20238
9.2112
9.15847
8.88245
9.21552
9.04969
9.19575
9.0873
8.75816
9.27468
9.40627
8.78863
9.89125
8.6787
9.08708
9.14294
8.94493
8.95783
8.70464
8.79684
8.8521
9.28783
9.20965
8.83419
9.20955
9.31595
9.46588
9.43706
9.09183
8.60759
9.46464
9.1093
9.14102
8.93644
9.42363
8.9109
9.03555
8.97334
9.19366
9.1736
8.96913
9.1186
9.40748
8.98094
9.17956
9.25969
8.91554
9.22402
9.30585
9.23882
8.90608
9.46822
8.9521
9.0042
9.33078
8.80604
8.91008
9.15089
9.32192
8.82525
8.69116
9.33696
9.03657
8.86983
8.82711
8.62544
9.53551
8.70536
9.23316
9.10059
9.26981
9.29382
9.51972
9.34904
8.98366
9.31698
9.27748
8.63908
9.41218
9.06319
8.70236
9.12039
8.84054
9.02519
8.98326
9.34293
9.0937
9.22827
8.70378
9.06763
9.05621
9.15829
8.82364
8.8269
9.18321
9.32835
9.17245
8.82639
9.15394
9.12729
8.88524
9.50707
9.09923
9.28853
9.52951
9.05369
8.80734
9.24385
9.13149
8.37276
8.81236
8.81305
9.30338
9.5118
8.65925
9.42255
8.91986
9.15105
9.28004
8.95412
8.62991
9.43694
9.4796
8.97598
9.26071
9.12112
9.29248
9.20415
9.17209
9.27659
9.19997
9.05802
9.29871
8.93075
8.80344
8.92431
9.08581
8.85322
9.07872
8.79591
9.19847
9.35661
8.70128
8.82724
9.0355
8.9951
8.66169
9.33975
8.91822
9.16428
9.13413
8.94872
8.9613
9.10374
8.59633
9.54766
8.88966
8.77243
9.05978
8.76186
9.26237
8.8225
8.70725
9.46228
9.016
9.2059
8.82554
9.123
8.35823
8.60544
9.21217
8.97034
9.57635
8.88232
8.89894
9.0016
9.08706
8.77883
8.55022
9.16163
9.35643
8.79731
8.89487
9.26154
9.00739
8.9322
9.03513
8.94044
9.46788
9.05979
8.87625
8.88328
8.91344
9.38023
9.08641
8.90668
9.1613
9.05516
8.68047
9.12376
8.91095
8.91843
8.99815
9.03981
9.33255
9.32224
8.57767
9.095
9.06354
8.92862
8.81679
9.00334
9.16448
9.21169
9.07857
8.92974
9.2239
9.33064
9.25839
9.05758
9.27601
9.26567
9.233
9.13341
8.90909
9.40425
9.084
8.89033
9.24082
9.31907
9.10235
9.01654
8.87053
9.5365
9.04804
9.26864
9.23336
8.80087
8.5584
8.9758
8.68908
9.04006
9.16464
9.45994
9.46198
9.11909
8.77339
9.04209
9.44539
8.8299
8.70095
9.19856
9.46608
9.33142
8.91304
9.5868
9.04165
9.26016
9.07148
8.95765
9.11487
9.31501
8.95475
9.18388
9.04622
9.14136
9.41912
9.51902
9.18246
9.2064
8.77633
9.80199
9.06055
8.79769
9.04424
9.43076
9.18899
8.89651
8.79856
9.41027
8.95615
9.04515
9.42659
8.8249
8.6425
9.4525
8.98421
8.9191
9.10919
9.24681
9.2893
9.40532
9.08308
9.24268
9.32363
9.20981
8.72197
9.20382
9.1028
8.81241
9.10653
9.50198
9.06073
9.50749
9.47528
9.22503
9.31416
9.64503
9.44975
9.42234
9.27628
9.22117
9.25101
9.08768
9.34625
9.32963
9.33845
9.49461
9.21852
9.51299
9.24632
9.34184
9.14311
8.96798
8.84085
9.41768
9.36983
8.85587
9.17607
9.01585
9.49236
8.80036
9.62937
8.90177
9.36917
8.93769
9.18779
8.98379
8.83304
8.74
9.32477
9.34085
9.58307
8.99105
9.04492
9.12086
8.9013
9.20713
9.33464
9.17153
9.55
9.19052
8.86517
9.52038
9.47732
9.03817
9.05896
8.64555
9.06863
9.39491
8.93694
9.19276
9.0828
9.13648
8.85348
9.69632
9.02042
9.37414
9.42989
8.99341
9.07824
9.29857
9.1393
9.4993
9.02333
9.15318
9.37814
9.12475
9.595
9.5509
9.01815
9.19228
9.26018
9.46373
9.00614
9.21122
9.94644
9.27404
8.96375
9.39489
9.32366
8.94689
9.00946
9.24592
9.36953
8.96466
9.33888
8.92244
9.67268
8.62979
9.21713
9.18958
9.29408
8.92317
9.15047
9.27197
9.24155
9.10967
9.35981
9.49395
9.14945
8.83158
9.40939
8.91347
8.80132
9.1496
8.79932
8.69091
9.52204
9.14323
8.84108
9.54066
8.50278
9.38995
8.90573
9.08808
9.19579
9.62071
9.06327
9.07884
9.11595
8.93765
8.97417
9.19862
9.04038
9.22994
9.22124
9.16219
8.93383
9.12182
9.52923
9.21326
8.964
9.64533
9.16083
9.18425
9.26052
9.09654
9.11145
9.28718
8.97785
8.96163
9.41028
9.04133
9.48871
9.34557
9.0247
9.13858
9.6336
8.95414
9.6478
9.01114
9.34822
9.36189
9.13168
9.02501
9.27608
9.47625
9.36703
9.08787
9.24126
9.20779
9.15546
8.97647
8.76765
9.3566
9.45667
9.22208
9.23717
9.07841
8.94097
8.81445
9.2081
9.17865
9.16081
9.15538
9.22643
9.19622
9.23684
8.93163
9.02711
9.52085
9.08645
9.37645
9.33796
8.80396
9.24712
8.90398
8.77934
9.12106
9.06409
9.39092
8.99951
8.97104
9.29651
9.03269
8.8406
8.85105
9.06244
8.93596
9.34035
9.0639
9.00971
9.36039
8.81683
9.09665
9.17111
8.72863
9.31419
8.86548
9.2416
8.9218
9.37297
9.04565
9.15027
9.13742
9.47209
8.87659
9.12052
9.00151
8.86965
9.38072
9.00372
8.95475
9.10214
8.86794
9.12966
9.28868
8.81539
8.83556
8.84036
9.10101
8.95854
8.8892
8.99832
8.90304
8.90812
8.96177
8.73254
9.21708
8.75476
8.96048
9.1256
9.33326
9.00808
8.44797
9.5981
9.29915
9.58064
9.38871
9.33582
9.52526
9.62779
9.46577
9.13588
9.44547
8.77375
9.44108
9.02334
8.8027
9.23836
9.09319
9.55667
8.8808
9.04739
9.36488
9.38328
9.42782
9.03763
9.17738
9.01905
8.77133
9.09741
9.27421
9.18223
9.2817
8.7813
9.44782
8.91718
9.24681
9.02575
8.95245
8.84876
9.13474
9.11297
8.83778
9.04573
9.47424
9.18894
9.33727
9.12511
9.00025
8.92649
9.24697
9.42282
8.99259
9.30862
9.15362
9.29683
9.20801
9.2689
9.3396
9.24268
8.81544
9.24997
8.88923
9.34606
9.13825
9.12647
8.82549
9.10929
9.23487
8.99235
9.11852
9.29665
9.24892
9.14129
9.45628
8.91499
8.74783
9.03225
8.83963
9.32618
9.04231
8.90543
9.17157
9.22155
9.11158
9.00282
9.02646
9.26511
9.25046
9.36577
9.31687
9.27281
9.47219
9.06692
9.08239
8.68464
9.16437
9.15203
9.36083
9.16761
9.1646
9.27456
9.61621
8.90921
8.88934
9.35004
9.04215
9.90676
8.93471
9.32235
9.38061
9.15784
9.2094
9.5431
9.13563
9.16578
8.9149
9.29395
9.18851
9.36442
9.34342
8.98426
9.05362
9.15453
9.44859
9.26585
9.43832
9.41652
9.53879
9.30088
9.51133
8.81517
9.29585
9.39067
9.29327
9.04926
9.70118
8.76184
9.48735
9.33484
9.35726
8.63248
9.28746
9.35285
9.30883
9.23864
9.0147
9.07243
9.19336
8.8263
9.48767
9.34193
9.02358
9.6405
9.12821
9.12346
8.81711
9.35813
9.25219
9.36256
9.38791
9.19253
9.06446
8.93763
9.02543
9.594
8.81581
9.56842
9.07512
8.92782
9.31378
9.36803
9.07823
9.16099
9.29772
8.62177
9.55329
9.19838
9.09301
9.37728
9.27058
9.18635
9.56199
9.33264
9.52601
9.11738
9.00587
9.26104
9.1744
9.54226
9.18809
9.28594
9.10874
9.01057
8.78154
8.99526
9.16987
9.512
9.12963
9.1393
9.2795
9.15532
9.58523
8.84679
9.09488
9.43076
9.42518
9.23061
9.13382
9.57764
9.22593
8.91041
9.245
9.19396
9.04189
9.48369
9.13947
9.09332
9.22941
9.17229
9.16398
9.26869
9.07416
9.20632
8.80293
9.26176
8.61998
9.14999
9.19773
9.32637
8.72939
9.38185
9.41502
9.45665
9.19581
9.23258
9.40838
9.15958
9.08043
9.01026
9.27603
8.98421
9.12962
9.04531
9.09544
9.21086
9.54861
9.3955
9.21638
9.06469
9.10842
9.11085
9.45727
9.35497
9.07419
9.26639
9.32499
9.23929
9.13917
9.13663
9.35808
9.27816
9.27278
9.20971
9.21747
9.26616
9.1752
9.10973
9.06814
8.87427
9.21855
9.17715
9.41491
8.96579
9.45393
9.02895
9.08368
9.28248
9.31111
9.04728
9.50875
9.1099
9.27678
9.66805
9.15844
8.97776
8.69585
9.36362
9.56807
9.43036
9.35921
9.33985
8.90331
9.10508
9.17944
9.39038
9.16404
9.25608
9.264
9.38401
9.11145
9.30454
9.2214
9.40875
9.28903
8.91371
9.38633
9.57392
9.41415
9.17668
9.39357
9.44243
8.87712
9.13462
9.46929
9.22855
9.46849
8.72588
9.37155
9.29214
9.29005
9.21935
9.10076
9.70054
9.32178
9.00236
9.5108
9.62285
9.43178
9.17059
9.23285
9.25215
9.36321
9.05822
9.22344
9.31965
8.88248
9.38231
8.93732
8.96215
9.19443
9.41278
9.38725
9.63646
9.1305
9.51046
8.87241
9.47368
9.43419
9.24973
9.08194
8.97551
8.94589
9.21365
9.2307
9.07814
9.02123
8.75341
9.29006
8.94207
9.39073
8.90146
8.93038
9.25394
9.21664
8.98495
8.93505
9.18943
9.36124
9.23591
9.3096
9.1325
9.05257
9.18235
9.18006
9.22602
9.30889
9.03452
9.05599
9.03668
8.88535
9.52882
9.16249
9.55589
9.0354
8.94808
9.57932
9.07576
9.16411
9.26647
9.3812
8.93659
8.89556
9.17705
9.33951
8.76091
9.69905
9.1185
9.12252
8.94067
8.94978
9.15725
9.46329
9.2662
9.1375
9.22464
9.02209
9.23908
9.07388
8.93303
9.37204
9.23687
8.78021
9.13198
8.89816
9.48998
9.42818
8.88451
8.69072
9.30045
8.88437
9.21797
9.2979
9.47598
9.19538
8.67095
9.00205
8.95455
9.15459
9.22918
8.85983
9.4297
9.14902
8.9498
8.98473
9.14953
8.88561
9.51433
8.89106
9.58399
9.38158
8.92334
9.61872
8.88766
9.129
9.41177
8.93356
9.06145
9.08157
9.5867
9.52232
8.93403
8.77521
9.49803
9.33694
9.43074
9.329
9.19287
8.92243
9.39272
8.70957
9.14955
9.33317
9.13898
8.69246
9.11129
9.19532
9.26102
9.21786
9.20653
9.1597
9.47833
9.32147
9.276
8.74503
9.42345
9.62628
9.33175
9.02909
9.40466
9.29932
9.2818
9.26775
9.17429
9.15488
9.31297
9.59424
9.19582
9.11794
9.29635
8.75395
9.26996
9.26531
9.1202
8.9502
9.08945
8.73636
9.08262
9.30692
9.2763
8.87477
9.1935
9.0776
8.83469
8.92267
9.06445
9.07098
9.15109
8.91539
8.93402
9.34938
9.08365
8.91343
8.84231
9.15242
8.93185
9.29756
9.56014
9.08578
9.2137
9.25742
8.94889
9.02196
9.04483
9.27046
9.04394
9.33919
9.44635
9.39605
9.11559
9.63475
8.93702
9.28017
9.15077
9.09919
8.84134
9.4528
9.14481
9.12164
8.91044
9.3185
9.39234
8.66069
9.40049
8.78661
8.81386
8.54934
9.41933
9.15721
8.93825
9.07004
9.22733
9.00148
9.09406
9.21319
9.06088
8.94825
8.74433
9.2413
8.96641
9.3009
9.09601
9.26682
8.88814
9.58801
9.20864
8.92474
8.94308
8.88241
9.16299
9.45274
9.53437
8.91902
9.17575
9.37234
8.97018
8.99794
9.0527
9.17824
9.03512
8.4621
9.4057
9.01774
8.40612
9.29909
8.94118
9.05175
9.05181
8.94668
9.03809
8.97224
9.00123
8.89293
9.20261
8.88768
9.04412
9.37688
9.0931
8.61188
8.67727
8.69504
9.52449
9.20436
9.48474
9.61936
8.68598
8.92235
9.27649
8.78663
9.58352
8.99327
9.16079
9.08854
8.98348
9.1872
9.07612
8.85037
9.35588
8.86636
9.03818
8.8314
9.16232
8.75134
8.79424
8.95251
9.31451
8.79709
9.17835
9.3305
8.81814
9.38516
9.26207
8.86157
8.98493
8.77778
8.8317
9.10597
9.16576
9.2287
8.94478
9.02118
9.00053
9.27634
8.992
9.14692
8.99303
9.01284
9.08072
8.87006
8.95622
9.40826
9.20562
8.99406
9.1357
9.08172
8.85741
8.6242
9.06349
9.28521
9.00394
8.95485
8.79089
9.23299
9.21978
8.98598
8.78715
9.04062
8.8385
8.98126
8.64596
9.11229
9.3046
9.0913
9.47225
9.07854
9.18574
9.4628
9.27555
9.08915
9.02397
9.43179
9.25372
9.29048
9.31133
9.00639
8.82611
8.99305
8.9962
9.01921
9.34298
8.86883
9.33627
8.97156
8.8225
8.37567
9.06471
8.88627
9.22657
8.72882
8.8533
9.16319
9.23466
8.97953
9.22611
9.14861
8.55127
9.24822
8.80927
8.91597
8.97419
8.85197
8.84675
8.93679
9.03933
8.82413
9.15596
8.95828
9.15913
9.04352
8.95392
9.35445
9.28347
8.69904
9.15921
8.62135
8.73116
8.64828
9.01369
9.29448
9.30573
9.18463
8.98355
9.08094
9.29861
9.38791
9.64851
8.67758
9.02367
8.95488
9.25733
8.67395
9.26427
8.89415
9.1498
8.90912
9.34124
9.03363
8.62787
9.57266
8.75421
9.37506
8.8872
9.30411
8.96848
9.14655
9.38174
9.20922
8.99804
8.8298
9.20218
9.08459
9.56951
9.24545
9.13846
9.49884
8.75276
9.38981
9.24181
9.03784
9.00017
8.99277
9.08498
9.11404
9.06463
9.15432
8.89182
9.2293
8.87835
9.44964
9.4687
9.11091
9.2798
9.13892
9.54723
8.94404
9.02693
8.68235
9.07472
9.3368
9.11908
9.04671
9.10674
9.02617
9.21253
9.15169
9.06107
8.85107
8.80342
9.15738
9.21539
9.19684
9.20335
9.59385
9.00907
9.21814
8.83067
8.9445
9.48187
9.08197
9.60728
9.05335
9.34666
8.76607
8.73902
8.78956
9.02797
8.69375
9.07049
9.18129
9.62762
8.92869
9.11517
9.50733
9.10735
9.207
9.25381
9.26383
8.86286
9.10591
9.55782
8.98843
8.90054
9.11887
9.09702
9.14421
9.45624
9.19167
8.91562
8.88142
9.04522
9.11009
9.00409
9.24767
9.03911
8.81729
9.32982
9.43236
8.99854
8.82623
8.9954
9.0197
8.99945
9.71993
9.28573
9.12319
9.74723
9.11647
9.04727
8.84188
9.12035
8.67782
9.28643
9.53699
9.20966
8.8115
9.04269
9.11129
9.03023
8.62218
8.98053
9.12251
8.84719
9.04969
8.96571
8.68481
9.01522
8.83387
8.82709
8.80713
9.14807
9.25504
9.44945
9.01973
9.15588
8.82835
8.98186
9.27189
8.70789
9.05837
8.69278
9.17734
8.90778
9.67977
9.1901
8.70816
8.93339
8.83605
8.99671
9.29653
9.19227
9.48096
8.9468
9.5214
9.44399
9.17543
9.04811
8.93236
9.09382
9.08168
8.9937
8.71842
9.00338
9.24529
9.0835
8.94562
9.32462
8.68168
8.98405
9.40073
9.32629
9.11659
8.93984
9.20096
9.14627
8.84484
8.95929
9.30844
8.98776
9.56044
8.91165
9.16608
8.93142
8.98875
8.84273
9.05689
9.11234
9.18267
9.22431
9.26167
9.20368
9.29129
8.97085
9.07723
8.99279
9.06452
8.76968
8.71703
9.11309
8.76797
8.87454
8.95859
8.86603
9.26882
9.10176
9.32069
8.83026
8.80788
9.16991
8.6571
9.13225
9.11971
8.933
9.07497
8.83844
9.02277
8.77973
9.02089
9.12545
9.20377
9.21138
9.01246
9.11893
8.99127
8.66553
9.38391
9.28034
8.81988
9.03028
8.83817
9.16528
9.09199
9.24853
8.74493
8.90673
9.24815
8.99069
9.01715
9.13472
9.01723
9.02768
8.84208
8.93811
8.98262
9.26129
8.89017
9.0053
9.08082
8.68349
9.00442
8.65073
9.43229
9.01962
9.00959
9.11072
8.87411
8.78862
8.82054
8.90531
9.06916
8.99392
9.23446
9.16502
9.01698
9.12824
8.9726
8.69908
8.91393
9.1975
8.78264
9.19026
9.4564
8.99438
8.96524
9.43659
8.88164
9.37429
8.95112
9.26745
9.05448
9.12601
8.8874
9.42925
9.15943
8.8964
9.21968
9.51199
9.1576
8.87546
9.3739
8.82096
9.03147
9.16659
9.28869
9.27447
9.1184
9.30649
9.05617
9.30681
9.4293
9.16317
9.01791
9.30435
8.93093
9.32308
9.51757
8.98777
9.15593
9.44665
9.39927
8.97184
9.25583
9.54708
9.09586
9.04248
8.98535
8.96255
9.21428
8.91393
9.2532
9.30247
9.22905
9.57605
9.06797
9.24228
9.33039
8.87879
9.27936
9.18923
9.25651
9.65977
9.14418
9.64755
9.09075
9.0262
8.6958
9.35603
9.04737
8.66359
9.73816
9.33514
9.11755
8.66826
9.09569
9.13779
9.18238
9.3979
9.13896
9.18304
9.0843
8.54257
8.97661
9.04648
9.12841
9.1518
9.1832
9.74189
9.09124
8.97537
9.58018
9.34929
9.18784
8.64799
9.54705
9.10193
9.29816
9.82604
9.27418
9.00491
8.88162
9.28278
8.92464
9.05758
9.52349
8.79518
9.41905
8.86507
9.5397
8.98576
9.45855
9.13086
9.43166
9.34091
9.28385
9.32655
9.07222
8.92988
9.22095
8.96125
9.22183
8.86815
9.04168
9.09287
9.27303
9.23495
9.40369
9.26836
9.05393
8.93232
8.97428
9.26079
9.45447
9.31241
9.16868
9.01298
9.55346
9.6498
8.81251
9.00267
9.68185
8.95931
8.99117
8.80698
8.81382
9.17575
9.17612
9.16826
8.95382
9.17279
8.81805
8.92709
8.89613
9.15632
9.73474
9.08426
9.41085
8.83259
9.23728
9.36725
8.87598
8.85909
9.33576
9.58709
8.85466
9.11331
9.24974
9.15776
9.34161
9.38094
8.9663
9.49796
9.45624
9.28055
9.31658
9.49135
8.92905
9.25992
8.96451
9.10607
9.40898
9.1751
9.08977
9.24459
8.8566
8.97215
8.909
9.24037
8.8048
8.67485
9.19323
8.99125
9.44991
9.00299
9.20705
9.20144
8.89101
8.91826
9.12633
9.06572
9.43882
8.52334
8.8481
9.45235
9.46203
9.14872
9.38776
9.29453
9.48588
9.55893
9.18845
8.91771
9.00426
9.19071
9.20708
8.67641
9.03862
8.9719
8.36668
8.95958
8.81734
8.80855
9.26482
8.90663
9.08295
9.10816
8.77853
8.89675
8.63593
8.7575
8.95383
9.1311
8.90436
9.34223
9.26721
8.83384
8.39305
9.04246
8.97278
8.78972
9.23857
9.0498
8.84615
8.68189
8.80327
9.10183
8.86399
9.0213
9.03649
8.87704
8.86279
8.99256
8.63885
8.67117
8.8294
8.73442
8.98669
8.76907
9.07002
8.84261
9.30214
8.74086
9.11875
8.99278
8.97668
9.02423
8.99269
8.66324
8.97971
8.53999
9.00005
9.29602
8.92548
8.74095
8.89321
8.93136
8.82613
8.92718
8.92674
9.26574
9.24131
9.09587
9.2896
8.92352
9.0073
8.95544
9.13038
8.88595
9.00612
9.11561
9.14222
9.27999
8.89351
9.45596
9.15832
9.03458
8.96422
9.3024
9.68848
9.01935
9.03587
9.05015
9.1318
8.82798
9.10275
9.05996
9.18876
9.16763
8.91133
9.03517
9.09015
9.03366
9.27296
8.9027
9.13241
9.12968
9.12496
9.19423
9.49594
8.66018
9.02542
8.99667
8.76911
8.62976
9.05817
8.88133
9.02244
9.4275
8.96149
8.9957
8.90909
9.24058
9.1877
8.67491
8.78512
9.31329
9.18515
9.39768
9.41412
8.58933
8.89018
8.7401
8.79103
9.05204
9.40556
8.96176
9.50095
9.30215
9.29927
9.36574
9.3298
9.4783
9.23614
8.9362
8.95481
9.24187
8.64029
9.6937
9.2062
8.95599
9.2378
8.98848
9.02361
9.38047
9.12053
9.01195
9.41026
9.17791
9.17483
8.9569
8.89732
9.07879
9.54038
9.20433
9.42693
9.2644
9.0917
9.3152
9.14597
8.95766
9.37242
9.28514
8.94777
9.03668
9.38875
9.1008
9.5652
9.18678
9.31585
9.04466
9.18483
9.39466
9.10863
9.65644
9.21585
9.21647
9.07752
9.07447
9.43747
8.88219
8.9517
8.98832
9.43009
9.31049
9.32513
9.03878
9.42795
9.20131
8.91603
9.41967
9.23169
9.17023
9.33465
9.27962
9.17739
8.7252
8.97559
9.11228
8.74916
9.05465
9.2545
9.05998
9.09431
8.82108
9.1497
9.48782
9.014
8.92854
8.91164
9.52597
9.10114
9.01922
9.21264
8.67944
8.90874
9.00415
8.95104
9.04517
8.87212
9.16792
9.14329
9.17066
9.19119
9.27973
9.02948
9.28133
8.99212
8.98437
8.91265
9.2374
8.73242
8.90818
8.92885
9.33077
8.97079
8.81181
9.22095
9.0056
9.24279
9.11414
8.73589
8.98531
8.81521
8.5664
8.93168
8.87557
9.21111
8.80188
8.55888
9.2758
9.02864
8.73522
9.29985
9.25806
9.02655
8.9167
9.23573
9.46999
9.08527
9.55699
9.36253
8.71062
9.19299
9.1276
8.91377
9.14292
9.30182
9.10325
9.47379
9.50716
9.16419
9.37169
9.2459
9.54855
9.0313
9.29826
9.12613
8.87344
9.2688
8.85892
8.9631
9.51992
8.75996
8.91794
9.22061
9.44128
9.32704
9.23941
9.39221
9.35083
9.50321
9.00939
9.28412
9.54657
9.41699
9.42389
9.32861
9.549
9.32276
9.13275
9.38824
8.92378
9.72839
8.99769
9.41972
9.30483
9.43422
9.05087
8.98322
9.13302
9.13073
9.23946
9.34882
9.4217
9.13512
9.2127
9.16227
9.2785
9.23009
9.58003
9.15986
8.81233
8.85376
8.89418
8.84467
9.25588
8.84609
9.24024
8.56807
9.41146
9.11324
9.26399
9.37513
9.07929
8.80017
9.25451
8.99274
9.0758
8.93206
9.32561
9.07323
9.05649
9.26622
8.88334
9.18068
9.77192
9.09357
8.85262
8.88739
8.8415
9.22316
9.11163
9.06029
9.05227
9.14564
9.10894
8.8721
8.80071
8.8562
8.9969
8.85714
8.47296
9.4407
9.04761
9.0648
9.22142
9.03301
8.97358
9.138
8.87954
8.54133
9.10246
8.58429
8.9956
9.23086
8.97655
9.22375
8.99692
8.72231
9.16381
8.9402
8.69272
9.12145
9.51431
9.11147
9.17305
9.04021
8.91917
9.19681
9.32241
9.04004
9.3827
8.61604
9.047
9.10088
8.91483
8.872
9.24528
9.30772
9.27729
9.05858
9.52576
8.9346
8.90836
9.15808
8.97172
8.91827
9.16941
9.0219
8.92523
9.1101
8.83699
9.33867
9.24316
9.56824
8.79767
8.80123
9.37525
9.18124
9.061
9.15775
9.05045
9.0308
9.17365
9.35685
9.60557
8.84692
8.96731
8.93945
8.8843
8.89296
9.19882
8.88548
9.00078
9.10013
9.04677
9.0441
9.6056
9.15798
9.367
9.11956
8.94723
8.67993
8.91681
9.16202
9.51529
8.92664
8.83627
8.88607
8.77867
9.03514
9.14521
9.36646
8.60184
9.00323
9.16661
8.8525
9.2154
8.88922
9.33976
8.98875
8.92273
9.19295
9.05372
9.12721
9.08103
8.87686
9.22925
9.38448
9.01376
9.18416
8.79126
8.99901
9.42006
8.96607
9.14338
9.00604
9.12185
9.30413
9.07141
8.77696
8.68296
9.10079
8.82422
8.7317
9.23747
9.16567
8.86476
9.08393
9.15263
8.93819
8.97455
9.20586
8.83096
8.93575
9.06849
9.35299
8.90519
9.17502
9.20368
8.91968
9.14062
8.69768
8.76931
8.77923
9.08005
9.01486
8.69981
8.8183
9.02565
9.57868
9.16941
9.37389
9.02129
9.1075
9.33597
8.5798
9.08248
9.52123
8.94176
8.65897
8.58904
9.00262
9.0185
8.75175
9.24902
9.12718
8.95913
9.09413
9.01779
8.88606
9.1143
9.23534
8.5678
8.78824
9.40185
9.08989
8.98856
9.21209
8.66118
8.8357
8.94378
8.93588
9.08853
8.884
9.09592
9.34181
8.80929
9.03415
9.02703
8.96278
9.02951
9.1045
8.73298
8.96173
8.92491
8.51473
8.96742
8.9424
8.92776
9.24694
9.02585
9.17691
8.86608
8.90435
9.35358
8.97643
8.96979
8.75485
8.872
8.5032
9.10007
8.93238
8.78053
9.04028
8.62778
8.73457
8.62301
9.22355
8.86437
8.81728
9.15521
8.67291
8.61432
8.71377
8.74997
8.53211
8.79009
8.86766
8.58197
9.08946
9.00077
9.0097
9.09246
9.32849
8.92006
8.84897
8.85457
8.69274
8.93441
8.74599
9.23886
9.22194
9.09708
8.99407
8.89971
8.95013
9.00813
8.79126
8.99195
8.87989
8.44874
8.79778
9.05512
9.07648
9.05777
8.73861
8.941
8.81484
9.41334
8.99752
8.70609
8.77768
9.04832
8.95103
8.779
9.18181
9.04557
9.12729
9.40991
9.01419
9.017
9.23432
9.17267
8.72997
9.01081
9.48256
8.64869
9.28756
9.02928
9.08771
8.69377
8.67874
9.00005
9.31865
9.37926
8.93639
8.95643
9.20109
9.42414
9.35022
8.98771
9.29415
8.69495
8.82956
9.41787
8.94712
8.88621
9.12963
9.09142
9.28615
9.05423
9.36414
9.60627
8.78196
9.06387
9.18441
8.95127
9.24001
9.12127
8.89479
8.86164
8.97075
9.58054
9.09173
8.93601
9.05282
8.93733
9.18559
9.00336
8.79751
8.86752
9.10175
9.20531
9.28842
8.83614
9.17677
8.91694
9.04734
9.24343
8.90945
9.13071
9.04991
8.54811
9.22853
9.21096
8.92212
9.00004
8.97065
8.97448
9.34401
8.89304
9.07586
8.82788
8.66645
9.00306
8.5299
8.90138
8.80607
9.34784
8.72937
8.80342
9.17983
9.05486
9.0533
8.76178
9.12776
9.24645
8.55304
9.30375
8.96686
8.88714
8.84518
9.05006
9.26399
9.04024
8.86632
9.32225
9.25154
8.78043
9.05257
9.37592
9.11505
8.95066
8.98534
8.63457
8.88925
9.08206
8.91049
8.9078
8.82875
8.94822
9.41245
9.11607
9.14178
9.61366
9.03185
9.32759
9.0124
9.55373
9.05201
9.24832
9.44755
9.43077
8.94335
9.23999
9.1737
9.54089
9.19488
9.09995
9.1817
9.578
9.31842
9.09979
9.47123
9.58821
8.8823
9.38808
8.94652
8.93474
9.32991
9.44773
8.86921
9.41191
9.2707
9.38303
9.21056
9.34384
9.4296
9.2267
9.36198
9.23906
9.07279
8.90985
8.82628
9.5605
8.97477
9.72302
9.08877
9.09583
9.45222
9.5818
9.12288
8.94239
9.01773
9.24081
9.12397
9.2431
8.82362
8.90932
8.91129
8.64718
9.00446
9.39256
8.8443
9.09441
8.85656
8.88347
8.76368
8.90672
8.85507
8.89411
8.76985
9.13564
8.74677
9.10313
8.88698
8.58051
8.3264
8.96881
9.44963
8.70548
9.01245
8.85579
9.11177
8.98804
8.73965
8.92567
9.16004
8.82561
9.03713
8.43562
9.08989
8.85254
9.25581
8.71957
8.85338
9.00755
8.93832
8.91071
8.59562
8.99976
8.99204
8.99926
8.88304
8.67914
9.0111
9.3685
9.06445
8.88505
9.00834
8.99788
8.92223
9.26302
9.22479
8.98242
9.27874
9.43412
9.41456
8.95435
9.58352
9.30548
9.23352
8.80777
9.64459
9.48302
9.27041
9.24476
9.29234
9.26778
9.21386
8.88292
9.30991
9.55118
9.18331
9.52079
9.22784
9.24888
9.47599
9.02223
8.9079
9.14325
9.48087
9.31157
9.493
9.74555
9.07274
9.46386
9.40954
8.96578
9.54802
9.20321
9.28955
8.9403
9.57265
9.35951
9.31436
9.40031
8.97393
9.50595
9.08916
8.86506
9.21243
9.17933
9.54718
9.73136
9.26288
9.20057
9.29514
8.90614
8.95642
9.0672
8.62476
9.01667
9.35129
8.92593
9.31072
9.09637
8.8582
9.0559
9.38304
8.61452
8.99956
9.04531
8.88258
9.03758
9.36187
9.17403
8.93678
9.03454
9.46533
8.96882
8.84636
8.63759
9.10501
9.14636
8.72838
9.3944
9.25438
8.66559
9.06217
8.786
9.06283
8.79753
9.00529
8.81739
8.74346
9.31798
9.1645
8.80853
9.18655
8.91034
9.17601
8.85227
9.154
8.76373
8.72171
9.17355
9.22915
9.55216
8.9116
9.48921
9.12666
9.16911
9.37927
8.97037
9.55201
9.0053
8.79031
9.16249
8.94831
9.14646
9.40621
8.92035
8.79644
9.36402
8.76869
9.40057
9.02325
8.74587
8.9034
9.10586
9.23011
9.38343
9.61387
9.07846
9.24075
9.16562
9.06777
9.10028
9.26009
9.13829
9.45361
8.85732
9.07528
8.91719
8.88717
9.29105
8.81805
9.2165
9.49677
9.00149
9.25886
8.87934
8.93261
9.02724
9.18092
9.07748
9.27814
9.30312
9.28336
9.08018
9.22565
9.14656
9.09041
9.43054
9.35426
9.21046
9.20096
9.2906
9.55136
9.15929
9.88093
9.38193
9.34256
9.26414
9.64872
9.09106
9.21994
8.91849
9.69566
9.2443
9.38036
9.23929
9.73592
9.07712
9.42043
9.44726
9.35179
9.16497
9.39259
9.30249
9.46932
9.49341
9.05099
9.35586
8.94209
9.41738
9.46529
9.35043
8.88495
9.46666
9.24186
9.5297
9.76304
9.07113
9.51544
9.16338
9.61046
8.96466
9.54086
9.32738
8.89754
8.8876
9.13065
9.01084
9.01006
9.13098
8.90203
8.84561
9.10162
8.94439
9.25581
8.71774
8.77124
8.95073
9.41276
9.20759
8.65288
8.6571
9.12436
8.71236
8.78247
9.21553
8.95491
9.06651
9.15027
8.78974
9.02288
8.22873
8.72552
9.05913
8.82698
9.47931
9.20477
8.70985
8.92822
9.10176
8.76147
9.08641
8.78144
8.96923
8.79005
9.34037
8.9071
8.97948
8.9318
8.9504
8.80293
8.971
8.99164
8.94102
8.99707
9.02621
9.1492
9.52747
9.3824
8.84145
9.06752
8.9545
9.17973
9.41409
9.22672
9.23379
9.03332
9.42843
8.79964
9.18545
9.33834
9.29988
8.97191
9.4504
9.16481
9.10236
8.83193
9.00195
9.07174
9.05713
9.09532
8.83168
9.4521
8.92358
9.3153
9.23797
8.84963
8.7014
8.92463
9.06222
8.99892
8.66502
9.14774
8.59273
9.61746
9.46524
9.32815
8.7844
8.84976
8.92346
9.14261
9.04748
8.61072
9.09623
8.90472
9.00338
9.53758
9.01599
8.92063
9.15757
8.84899
9.10203
8.70656
9.26214
8.96969
9.02877
9.04539
9.28555
9.21008
9.26978
9.24433
9.01681
8.97559
9.31069
9.07068
9.13604
8.96116
8.89702
8.40225
9.37293
9.29628
9.16095
9.21545
9.07965
9.21429
8.89104
9.33944
9.12501
8.964
9.09808
9.19641
9.19175
9.09172
9.31445
9.07648
9.12859
8.84331
9.17266
9.08745
9.36622
9.23156
8.83534
9.25638
9.39578
9.23746
8.80231
9.13221
9.04622
9.3735
9.41985
9.25003
9.15711
9.20242
8.99339
8.84965
9.35908
8.98117
8.92885
8.8643
9.42477
9.00127
9.12179
9.39252
9.29814
9.27991
8.95358
9.27398
9.50401
9.36657
9.40674
9.27286
8.66908
8.87297
9.29682
9.27981
9.26617
9.18851
9.09313
9.2619
9.52478
9.35212
9.19035
8.89335
9.5571
9.44186
9.06883
9.53037
8.88537
9.00684
9.33482
8.88151
8.7652
9.10877
9.41105
9.23605
9.17999
9.02021
9.47745
9.254
9.13267
9.44965
9.15274
9.08741
8.97354
8.87916
8.95651
9.33192
8.81074
8.94184
8.67188
9.29599
9.12819
9.28082
9.46388
8.94555
9.58461
8.83877
8.9674
8.78081
9.40714
8.99797
9.18739
8.89798
8.61306
8.91266
9.20335
9.32955
9.01979
8.99818
9.40008
8.57086
8.85904
9.59687
9.46991
9.36917
8.86218
9.03879
9.1366
8.82611
9.20832
9.52887
9.42236
8.69374
9.13732
9.06191
9.00965
8.7838
9.20585
9.24018
8.82623
9.21959
8.58981
8.94418
9.21076
9.06105
8.86622
9.08204
9.22321
8.75328
9.13494
9.26647
9.17271
8.91476
9.1155
8.7561
9.0053
9.01813
8.60456
8.9138
9.02282
9.10093
9.17569
9.09558
8.97024
9.31762
9.04485
8.81643
9.20985
9.08246
8.90413
9.28738
9.66012
9.26463
9.06216
9.15434
9.42091
9.19162
9.58667
9.66326
9.46902
8.9233
9.9309
9.21124
9.04119
9.32655
9.30045
9.28502
9.24214
8.85771
9.35792
8.90493
9.1889
9.12088
9.40336
9.55189
9.03295
9.00215
9.21854
9.70919
9.54772
9.24508
9.06453
9.40732
9.16307
9.60134
8.84507
9.24511
8.97687
9.19763
9.32632
8.69676
9.18656
9.66655
8.79218
9.29501
9.04441
9.39735
8.93992
9.08491
9.49369
9.35201
8.95736
9.13189
8.95707
8.99685
9.16097
9.19632
8.94212
9.31941
9.28135
8.91075
9.02747
9.23412
8.8538
9.14075
9.02154
9.2453
9.24153
8.71743
9.31242
8.89855
9.06175
9.00504
9.17479
8.89013
9.34254
9.19516
9.56884
8.9676
9.19401
8.53232
9.34365
9.39807
8.82966
9.29211
9.32374
9.15471
9.00593
9.12508
8.45173
8.99999
8.9411
9.20692
8.86696
8.85852
8.60761
9.21612
8.54243
8.59016
9.36109
9.38352
9.09029
8.81545
8.96973
9.02963
8.92876
9.089
9.10057
9.39856
9.46074
8.86698
8.8899
9.11023
9.03622
8.96446
8.99686
9.21563
8.86022
9.06537
9.02779
9.14511
9.03734
9.0562
9.07474
8.58643
8.73041
8.80625
8.90658
9.00469
9.01656
9.30952
9.33165
9.31523
8.94963
9.29904
8.9771
9.23037
9.31824
9.41282
9.02652
9.11755
9.5626
9.31814
9.35987
9.27871
9.00916
8.99634
9.43645
9.50416
9.06721
9.51998
9.25687
8.8394
9.11927
9.58059
8.91226
8.97489
9.12677
9.1831
9.05163
9.47461
9.31754
9.13919
9.43138
9.55763
9.04263
9.03771
9.34662
8.73083
9.20146
9.12333
9.2157
8.74307
9.00325
8.98133
9.06874
8.96852
9.22287
9.16303
8.90552
9.14412
8.90459
9.00068
8.97448
8.83363
8.8883
8.78441
8.81185
9.16238
8.79692
9.78026
8.79326
9.05392
8.96216
8.67612
8.78227
8.76724
8.91299
9.22171
8.89159
8.87655
8.96207
8.75957
8.93172
9.23593
8.81543
8.95512
9.13607
8.95071
9.34022
9.54989
9.33556
9.36423
8.72432
9.54306
9.1931
9.1161
9.07334
8.50703
9.33208
9.40054
8.92261
9.05616
9.18083
8.81684
9.1169
9.40697
9.22671
9.08831
9.3682
9.07088
9.19507
9.52089
9.24584
8.92196
9.015
9.21843
9.25986
9.46033
9.44034
9.08253
9.44678
9.16187
8.99116
9.06143
8.98152
9.49428
9.304
9.56526
9.05369
9.23089
9.05705
9.03521
9.20292
9.26456
9.15264
8.93148
9.10872
9.53499
9.01344
8.99882
9.25179
9.61771
8.76764
9.05321
9.52121
8.87914
9.42225
9.00364
8.93249
9.14047
9.60358
9.1377
9.12676
9.4861
9.26836
9.35621
9.39584
9.59729
9.47918
9.2005
9.13385
8.96904
9.25112
9.39407
9.08303
9.15475
9.57081
9.35181
9.1008
9.40266
8.99608
9.20212
8.91028
9.47825
9.29466
9.09096
8.91768
8.93807
9.17945
9.25193
9.38122
9.39527
9.02201
9.00561
8.9756
8.93587
9.23939
9.06435
9.27756
9.34105
9.39712
9.10197
8.93375
9.2078
8.87048
9.27293
9.19366
8.99185
9.06734
9.03894
9.40934
9.53745
9.37438
9.19996
9.05743
9.22734
8.86737
8.87058
8.7338
9.29556
9.34863
9.07871
8.67284
8.87439
9.26258
9.53119
9.05715
9.25733
9.42616
9.41139
8.80728
9.00799
9.13323
8.93851
9.05429
8.9156
9.30609
9.33314
9.07669
8.98764
9.18579
9.23502
8.99979
8.96766
8.98041
8.74782
9.17956
9.20207
9.13892
9.54579
9.35863
9.37036
9.00554
9.14593
9.27354
9.07263
9.24476
9.36302
9.32777
9.34016
8.86059
9.53742
9.31453
8.67249
9.8025
9.15355
9.21977
9.39102
9.38164
9.48668
9.62004
9.31462
8.54596
9.29884
9.57137
9.27563
9.23266
8.87905
8.88079
9.11929
9.02626
9.20468
8.98429
9.25413
9.25239
9.04735
8.86323
9.04996
9.24089
8.96303
8.69046
8.94404
9.06357
9.02442
8.97946
9.07759
8.99816
8.92893
8.60834
8.71913
8.92885
9.24581
8.90111
8.98622
9.21568
8.95672
9.44271
8.91793
9.03243
9.27686
9.19095
8.87408
9.22781
8.84351
8.74818
9.23581
8.87402
9.34203
9.40922
9.24959
9.27025
9.05938
9.07949
9.37379
9.15417
9.26946
9.1371
8.91418
9.26541
9.5198
9.4755
9.40966
9.326
8.94211
9.01735
9.06427
9.29691
8.7888
9.29075
8.92315
9.36501
9.08744
9.17048
9.31215
9.37397
9.08723
9.19613
9.31363
8.94267
9.26507
9.3205
9.22188
9.10709
8.95566
9.0589
8.90491
9.14091
8.96057
9.42822
9.03605
8.75955
9.31093
9.30116
9.86063
9.05099
9.10018
9.02683
9.16883
8.96865
9.05965
8.7807
9.11117
8.97669
9.16685
9.51371
8.89438
9.25476
9.1046
8.92193
9.11602
8.96129
9.4022
9.13038
9.23155
9.43403
9.46412
9.2729
9.26985
9.23206
9.23076
9.34166
9.61465
9.83005
9.43674
9.63472
8.99231
8.94468
9.34249
9.06846
9.25457
9.22915
9.42764
9.60289
9.39287
9.20609
9.49293
9.24717
9.04711
8.90193
8.99756
9.27182
9.80271
9.30501
9.04782
9.15897
8.62974
9.5042
9.21454
8.67928
9.16713
9.17134
9.31676
9.26804
9.12018
9.07955
8.92711
8.87526
8.74833
9.20989
9.30303
9.17598
9.2173
9.02764
9.01583
9.27304
9.25943
9.27991
8.70215
9.09146
8.83829
8.70511
8.83848
9.00354
9.20637
8.96629
8.69185
9.15557
9.23744
8.98246
9.04567
9.10306
9.09708
8.8451
9.31609
8.91227
9.07705
9.04309
9.11886
9.06737
8.55612
8.94725
9.0301
8.90333
9.33984
9.13367
8.96258
8.50995
9.48472
8.77565
8.90222
9.1677
9.62838
9.38292
8.9009
9.3227
9.4874
9.21492
9.33258
9.14157
9.44808
9.18493
9.55794
9.19512
9.00778
9.02366
8.91767
8.87195
8.92555
9.38383
9.04335
9.10523
8.90619
9.17674
9.18326
9.19745
8.81822
9.2698
9.1778
9.22918
9.12873
9.02324
9.23432
9.06837
9.20367
9.32055
8.8432
9.57846
8.94484
9.17936
9.16468
9.0408
9.30095
9.11057
9.3795
9.1278
8.92416
8.88588
9.38893
8.83424
9.27306
9.32764
9.17143
9.08382
8.91642
9.01048
9.23017
9.08328
8.82125
9.44048
8.78035
8.80868
9.26971
8.99487
8.74375
9.11138
8.93383
8.35652
8.80392
8.82253
8.52858
8.851
8.83891
9.19407
8.82406
8.92759
9.51599
9.12865
9.05928
9.13812
9.0375
8.76356
9.57481
9.11749
9.16035
9.0837
8.67452
9.55984
9.11598
9.2125
9.32415
8.86012
9.02179
8.74742
9.12952
9.07764
8.64246
8.90153
9.29923
8.56304
8.90755
9.18032
9.02913
9.13793
9.04559
9.06957
8.82781
9.12477
9.25312
9.50547
8.95562
8.8895
9.04986
9.08364
9.66826
8.58361
8.91745
9.34248
9.28259
8.77373
9.05916
9.20289
9.2883
8.7594
9.33335
9.22784
9.10766
8.50434
9.14815
8.57636
8.81725
9.3294
8.94797
9.05576
9.06303
9.09719
9.28936
9.62146
9.42563
8.92874
9.08647
9.2646
8.93747
9.46625
9.06343
9.04854
9.18614
9.27305
9.44405
9.23707
9.23416
9.04432
9.16193
8.84349
9.6244
9.23538
9.0355
8.94948
8.50773
9.49423
8.84601
8.84065
8.83916
9.14202
8.86319
8.87731
8.98172
8.66573
9.14374
9.15421
8.89094
8.57159
8.75958
9.24301
8.90512
8.71792
9.17391
9.09321
9.23054
9.04526
9.44926
9.2541
9.00843
9.17262
9.31916
8.80997
9.27556
9.25131
9.00511
9.11345
8.82805
9.68049
9.1209
9.12972
9.23775
8.99597
9.07608
9.56522
8.85273
9.09673
9.38485
9.17491
9.60149
9.63407
9.53361
9.33638
9.19135
8.97653
9.28078
9.34981
9.43143
9.20366
8.95269
8.9475
9.37826
9.68232
8.85328
9.03986
9.66669
9.37207
8.96068
8.82347
8.82891
9.23216
8.91367
9.07341
9.01007
8.65639
8.66329
9.10586
8.82446
8.96079
8.43789
9.23331
8.63717
9.0987
9.15508
8.99793
8.73336
9.07245
9.3612
9.43814
9.48023
9.26067
9.53627
9.26585
9.52829
9.75768
9.26859
9.61892
9.56015
9.55117
9.09324
9.09893
9.66941
9.51902
9.10578
9.63502
8.88959
9.20204
8.8991
9.30628
9.35788
9.15284
9.51739
9.30484
9.51617
8.92067
8.94249
8.93249
9.10566
9.40238
9.05922
8.68849
9.26258
8.57698
8.8517
9.16216
9.2035
9.03475
8.88682
9.29651
8.97185
8.9566
9.19859
8.99372
8.76979
9.18212
9.27004
9.15683
8.71328
8.68282
9.19826
9.07836
8.71621
9.18971
9.08318
8.44477
8.74958
8.90532
8.58023
8.60845
9.33735
9.35471
8.87609
8.82984
9.04418
9.52355
8.52734
9.04114
8.93096
8.98255
9.15153
8.89774
9.2771
8.91149
9.11876
9.17977
9.13779
9.47953
9.1431
9.33096
8.95758
9.24849
9.25662
8.79974
8.72107
8.76933
8.78541
9.26554
8.36373
9.23853
9.20108
8.83693
9.24715
9.18409
8.81825
8.92726
8.99287
8.73811
8.79846
9.34621
9.29803
9.36707
9.04188
9.10336
9.09062
9.02826
9.07126
9.24267
8.84755
9.18956
9.38487
9.31074
9.32196
8.74241
9.27349
9.40367
8.82773
9.26078
8.77519
9.28355
9.22699
8.99424
9.25849
9.57885
9.18489
9.14094
8.80448
9.32869
8.93427
9.2865
9.07783
8.76561
9.3793
9.35114
9.18456
8.91071
9.12517
9.45909
9.27234
9.05136
9.2494
9.29733
9.00969
9.0762
9.35467
9.16486
8.7811
9.22137
9.28672
8.61405
9.27897
9.49904
9.4968
9.20608
8.99203
8.92196
9.00846
8.71817
8.76759
9.35423
9.15839
8.87824
9.84545
8.86173
9.18637
9.0868
9.25483
