3.02161
3.21097
2.86829
3.16576
2.72326
3.02305
3.02974
3.08903
3.15912
2.6741
3.22284
2.46648
3.0906
2.8282
2.99963
3.0612
2.76571
3.06599
3.25764
3.12361
2.87896
3.0295
3.0558
2.8343
2.65055
3.23401
2.9
3.12122
2.85824
2.85688
3.21689
3.14614
3.18117
2.96138
3.17093
3.15772
3.08335
3.10544
3.01865
3.13465
2.64333
3.0442
2.87015
2.9991
3.26819
3.11438
3.02691
2.85324
2.94901
3.08724
2.99807
3.57767
2.82623
3.18108
2.93945
3.33833
3.26429
2.9789
2.82769
3.06441
2.88984
3.07235
3.10793
3.12833
3.34045
3.2074
3.47792
3.18809
2.89739
3.10555
2.83597
3.02378
3.10512
3.19202
2.64977
2.76473
3.00401
2.99169
2.34263
2.88155
2.94121
2.6879
2.47254
3.30733
3.03029
3.00082
2.98156
2.78438
3.3626
2.95987
3.09215
3.29457
2.64716
3.32687
3.01144
3.04138
3.32761
2.80922
3.09724
2.86478
3.13247
3.04918
3.10702
2.94923
2.60942
2.87262
3.09437
2.79307
2.56251
2.82132
3.04202
3.12114
3.14231
3.12693
2.83135
3.2148
3.17359
2.79653
2.98612
2.62218
3.1561
2.931
2.88859
3.2029
3.02815
3.13494
2.70961
3.04681
3.06413
3.41849
2.92173
2.83592
3.13888
3.29817
3.33195
3.2185
2.75395
3.42744
3.07744
3.05306
2.58022
3.56765
2.7819
2.81758
3.1742
2.72087
3.20582
3.10296
2.87953
3.21496
2.81997
3.2264
3.46128
2.95776
3.02496
2.8923
2.80312
3.07451
3.50642
3.03479
2.75314
3.10834
2.89531
2.96807
3.12752
2.95871
3.04706
3.02513
2.76865
3.03284
3.32491
3.00468
2.45697
2.98816
3.00253
3.16337
2.81261
3.06738
2.70606
2.66902
2.9543
2.95725
3.2069
3.31224
2.65226
2.88645
3.14915
2.95035
3.15838
3.17868
2.63905
3.04005
2.97174
2.75811
3.12659
3.00981
3.18127
2.91676
3.31593
3.2229
2.84073
3.15403
3.48444
3.52201
2.70583
3.08218
2.99417
3.06044
3.28358
3.24365
2.77303
2.94958
3.1157
2.8135
2.88237
3.2491
2.85387
3.3345
3.09604
3.21747
3.29796
3.0139
3.39953
2.7764
3.18691
3.12711
3.03552
3.20114
2.69042
3.14568
2.77233
2.98653
2.96057
3.22923
3.39942
3.04711
3.20736
3.05122
3.20252
3.49968
3.16207
3.0156
2.6833
3.10454
2.78587
2.30538
3.17532
2.66022
3.06352
3.35006
3.12469
3.16596
2.77831
3.26601
3.36959
3.05274
3.03415
3.08111
2.95055
3.3662
3.04696
2.87364
3.45273
3.02518
3.02295
3.36274
3.5696
3.12998
3.48888
2.69205
2.66744
3.21304
3.37058
3.19962
3.12241
3.1142
2.90951
2.89056
3.32597
2.9607
2.88227
2.69716
2.80113
3.20053
2.7603
2.87273
2.99858
2.51167
2.75051
3.45232
2.87402
2.72159
3.03608
3.22966
3.06914
2.96804
2.89542
3.02515
3.21097
3.33467
2.74305
3.17664
2.90318
2.92437
3.18968
2.65325
2.8384
2.83989
3.02104
3.05429
3.20721
3.06815
2.83735
3.0878
2.37449
2.94751
2.93729
2.82439
3.13906
3.22655
2.73218
3.63625
2.96226
3.38275
2.98487
2.81476
3.16382
2.71354
2.80217
2.87118
2.93367
3.04531
2.95602
2.81834
2.88929
3.24216
3.04126
2.77916
2.95665
2.80526
3.23187
2.5855
3.36872
2.85554
2.77494
2.72888
3.25625
3.25396
2.93043
2.55968
3.34102
2.87478
3.39941
2.91032
3.00711
3.20713
3.40327
2.98979
3.13647
2.77165
3.0856
2.95096
2.87916
3.37006
3.03923
2.57738
3.11853
3.30041
3.10097
3.02914
3.09019
3.03782
2.74077
2.74612
3.38898
3.00724
2.74926
3.19148
2.98916
3.09605
3.00728
2.96781
3.20829
2.37019
3.37021
2.93739
2.91738
3.01101
2.87644
2.96578
3.01935
2.95614
2.51165
2.70729
3.06057
2.82971
3.07864
2.7365
2.63972
2.86754
3.06427
2.90462
2.87189
3.14353
3.40605
2.99861
2.41647
2.91111
2.87902
2.63072
2.89657
2.94399
2.89079
3.02522
2.5574
3.03395
3.4308
2.61922
3.10006
3.01212
2.62191
2.91813
2.90067
3.14954
3.15769
2.81362
3.14175
3.23187
2.5043
2.91708
3.00493
3.18152
2.99949
2.80874
2.93595
2.58346
2.90518
3.12542
2.84397
2.69609
2.5528
2.54162
2.67934
3.23023
2.52223
2.89032
3.25371
3.14005
2.84433
2.86845
2.79289
2.69544
3.09955
2.70372
2.61954
3.51951
2.57246
2.70475
3.12497
3.20138
2.8866
2.61854
3.08933
2.74495
2.96613
3.09925
2.87049
2.9611
3.09544
3.38249
2.46358
2.41131
2.55621
3.22412
3.20272
2.80565
3.0848
2.77618
2.66608
3.03163
2.63519
2.9622
3.38699
3.26704
2.60329
3.16809
2.74742
3.28813
3.24868
2.46928
3.1432
2.96538
2.95745
2.83788
3.16722
3.05789
2.74404
2.91471
3.10711
3.08062
2.58496
2.82256
2.78145
2.79896
3.11962
3.1924
2.79851
2.68087
2.80183
2.45209
3.47452
3.38229
3.09309
2.9647
2.87672
2.93846
3.2737
3.28237
2.98775
2.88007
2.75854
3.09841
2.63991
3.13277
3.30566
2.751
2.95039
2.77876
3.00064
3.01352
3.18018
3.49064
2.968
2.96293
2.67771
3.11596
3.17848
3.18688
2.75056
3.1016
2.90419
2.81374
2.59933
2.95239
3.24716
3.19247
2.90751
2.91549
2.95379
3.00428
2.71167
2.61993
2.81713
2.97792
2.93656
3.05353
3.17132
2.90609
2.61523
2.98272
2.53013
2.75478
2.64778
3.24938
2.79452
3.07931
3.01812
3.06669
3.12802
3.13486
3.0199
3.26375
2.80254
3.10798
3.22932
3.38119
3.22313
2.76454
2.8183
2.91595
2.77612
2.98149
2.52427
2.93266
2.40961
2.77661
2.67175
2.9521
2.57556
2.89618
2.79039
2.79506
2.70593
2.66201
2.92897
2.97257
2.76104
2.41003
2.82493
2.86223
3.05323
2.71408
2.98182
2.82824
2.70417
2.62156
2.60299
2.3248
2.35322
2.89533
2.87017
2.80097
2.99889
2.59114
2.99217
2.89775
2.55747
2.7387
2.73555
2.52587
2.49378
2.62164
2.5225
2.56782
3.00477
2.5098
2.30644
2.99425
2.74943
2.78467
2.78231
2.72145
2.54435
2.4458
2.51704
2.84175
2.59724
2.65597
2.91842
2.61945
2.78165
2.53255
2.8981
3.3313
3.23662
3.12775
2.86069
2.6068
2.66351
2.87159
2.88444
2.82851
2.75932
2.65221
2.59493
2.44868
2.97069
2.71376
3.04356
2.55866
2.65555
2.79298
2.38399
2.69397
2.39473
2.49586
2.82939
2.79621
2.64391
2.69249
2.34384
2.66602
2.77235
2.85439
2.96734
2.96867
2.97769
2.57912
3.2826
2.84618
2.81723
2.94359
2.82886
2.95365
2.65141
2.66357
2.44654
3.07213
2.67295
3.00347
2.54842
2.65159
2.6908
2.67586
2.91577
2.94064
3.17959
2.42168
2.97063
2.87778
2.90189
3.20257
2.85248
2.77755
3.1784
2.80812
2.82688
2.21442
2.89305
2.90149
3.15448
2.854
2.49714
2.62761
2.82384
3.04951
2.81218
2.37266
2.92295
2.6822
2.47134
2.66844
2.67007
2.60922
3.03109
3.1748
3.05176
2.90688
2.7978
2.67881
2.44563
2.97371
2.85944
3.00306
2.67029
2.50279
2.21384
3.00154
2.63428
2.37193
2.87432
2.77997
2.60758
2.6944
3.0476
2.38065
2.60464
3.09844
3.19739
2.95957
2.72277
2.45141
2.68538
3.21868
2.75042
3.24583
2.9337
2.66359
2.90695
3.16448
2.52915
2.98574
2.91956
2.97685
2.74425
2.74026
2.75002
2.74467
3.09749
2.79649
2.85712
3.13628
2.55885
2.99111
2.77722
2.61245
2.81682
2.88914
2.92095
2.4714
2.67751
2.86353
2.72222
2.98033
2.79851
2.70355
2.8976
2.7998
2.36618
3.06346
2.97315
2.88665
2.55942
3.06863
3.06959
2.64162
3.13004
3.03574
3.04666
2.75911
2.57129
2.90871
2.8885
3.09009
3.05651
2.93186
2.99894
2.96398
2.81794
2.92939
3.10264
2.96873
2.71525
2.7952
2.63121
2.69141
3.18293
3.38483
2.7586
2.74045
2.78686
2.85295
3.14601
2.67742
2.5467
2.99567
2.73279
2.35317
2.74794
3.04414
2.89872
2.92084
3.01872
2.78063
3.02475
2.62207
2.83753
2.70405
3.09606
2.72406
2.42072
2.70597
2.58317
2.74105
3.08736
2.32899
2.85371
2.75079
2.89219
3.12693
2.67959
2.73878
3.00523
3.25933
2.84829
2.9592
2.94395
2.99506
2.97424
3.05916
3.16792
3.23188
3.03125
2.82925
2.58023
3.12482
2.56093
3.06116
3.06554
2.81712
2.81768
3.24146
2.83267
2.81959
2.9071
2.763
2.73492
2.93463
2.53849
3.29712
3.35968
3.2366
2.98844
3.20706
3.48419
2.97108
2.63038
3.02225
2.94732
2.8921
2.67062
3.31899
2.54577
2.88838
3.13038
3.09102
3.11944
2.78308
2.60778
2.69041
2.91338
3.07351
2.57362
2.52658
3.18588
2.97548
3.53244
2.73736
2.99217
3.12077
2.99638
2.65825
3.04329
3.26001
2.62826
3.15837
3.0027
3.11085
3.17856
2.9138
2.82391
2.94868
3.29308
2.38962
2.88221
2.83078
2.82795
2.63548
2.92883
2.4375
2.93165
3.13867
2.69695
2.99764
3.17243
2.85408
3.37326
2.93804
2.93985
3.17985
3.21339
3.25162
2.71092
3.31322
3.4685
2.61289
2.41086
2.67895
2.58178
2.74422
2.62719
2.37821
2.78242
2.66403
2.57484
2.57364
2.9334
3.46005
2.69007
2.52145
3.00737
2.7062
2.7196
2.49186
2.68638
2.89311
2.63537
2.89184
2.6298
2.55591
2.91836
2.51226
2.96009
2.95409
2.87386
2.65876
2.66802
2.55216
2.92095
2.78745
2.66815
2.73489
2.97951
2.85071
2.87762
2.46851
2.9112
2.27112
2.46541
2.70201
2.94354
2.81385
2.92588
2.54277
2.71033
2.93969
2.37117
2.58457
2.54754
2.76436
2.94621
2.82636
2.67208
2.76818
3.01302
2.92054
2.87572
2.22811
2.74797
2.51563
2.64643
2.83373
2.87137
2.81477
2.67909
2.62485
2.64588
2.35585
2.86055
2.69115
2.63754
2.34313
2.36977
2.68745
2.58872
2.357
2.73385
2.66894
2.93601
2.83373
2.86316
2.84236
2.82372
2.74856
3.17989
2.69258
3.01522
2.84933
2.62456
2.77791
2.91071
2.44565
2.70248
2.70759
3.06887
3.1269
2.7704
2.85686
2.97751
3.12463
3.18141
2.7979
2.88421
3.28622
3.21349
2.65802
2.58273
2.91776
3.13204
3.20949
2.81151
3.2477
3.51975
2.71793
2.78983
2.74678
3.08883
2.61473
3.20772
3.02092
2.90434
3.05451
3.16958
3.05343
3.27736
2.60683
3.08754
2.80896
2.76703
2.82303
3.07721
2.84723
2.59633
3.06541
3.26874
2.85002
2.63071
2.85966
2.77504
2.98911
2.55622
2.37311
3.30407
2.97742
2.96064
2.86118
2.92167
2.60365
2.95955
2.94777
3.11783
2.58376
3.22237
2.64241
2.76347
3.04344
2.75269
2.57929
3.16523
2.80161
2.96136
2.55503
2.85793
2.95816
3.00786
2.67066
3.12886
3.11096
3.00027
2.80218
2.99609
2.95118
2.80632
2.52893
3.04242
2.71567
2.98211
2.87264
2.78033
2.32376
3.04243
2.82184
3.06217
2.75304
2.58288
3.12788
2.61267
2.83952
2.76767
2.9511
2.54934
2.66304
3.16004
2.8958
2.81919
2.54391
2.88715
2.98532
2.32447
2.49171
2.72104
3.04755
2.63052
2.90632
3.03052
2.74985
2.64562
2.3088
2.68076
2.5827
2.40247
2.9026
2.61326
2.65382
2.80203
2.75284
2.80735
2.58894
2.61342
2.96558
2.69608
2.70815
2.80219
3.05998
2.88307
2.97459
3.0081
2.85093
2.55628
2.96574
2.70484
3.07801
2.56128
2.82483
2.65872
2.84904
2.80117
2.89654
2.66168
2.73806
2.54355
2.37572
2.33924
3.01211
2.46523
2.49182
2.50125
2.85308
3.09753
2.63783
2.35131
2.83119
2.67175
2.80266
2.51995
2.67063
2.97542
2.90119
2.97555
2.78763
3.08986
2.33995
2.66267
2.59469
3.01652
3.01029
2.79115
2.63026
3.31987
2.89258
2.924
2.84461
2.96337
2.8185
2.97369
3.1418
2.93567
2.59519
3.01112
2.94079
3.04547
2.79852
3.30887
3.13387
2.83375
3.33216
2.45594
3.00971
2.4033
3.14969
2.77764
2.86926
3.10044
2.79368
2.98785
2.75052
2.86516
2.98999
2.7141
2.50549
2.27973
2.43632
2.73195
2.99371
3.02733
3.04948
3.08077
3.08746
3.01238
2.8011
2.82625
2.77897
2.50241
2.89661
2.75491
3.19479
2.90536
2.96299
3.36542
2.79955
2.70331
3.01436
2.55788
2.74009
3.20752
2.98253
2.83641
2.66056
3.03381
3.34828
2.93129
2.89737
2.50939
2.50724
2.31549
2.84336
3.23118
3.05676
2.2149
2.56978
2.8991
2.55592
2.90342
3.04392
3.02704
3.26715
3.00055
2.69976
2.99067
2.90509
3.18367
2.83807
3.16156
2.91188
2.98866
2.38076
3.16267
2.86536
3.0879
3.12917
2.95921
2.92497
2.88293
3.20505
3.01148
3.05619
3.01115
3.20017
3.06063
2.8272
3.04609
2.86355
3.01617
2.72097
3.22443
2.99919
2.97164
2.86541
2.71403
3.24371
2.75908
2.54744
3.26263
2.9962
2.9585
2.79283
3.22158
2.96288
3.06636
2.75002
2.61399
2.86335
2.81697
2.96202
2.98635
2.69225
3.3049
2.98906
2.90897
2.62696
3.2733
2.67698
2.95507
2.86205
3.49818
2.73905
2.93624
3.17091
2.7081
3.00814
2.6553
2.87015
2.63898
2.59928
2.91226
3.02208
2.99895
2.6934
2.91143
3.02146
2.81791
2.88747
2.67332
2.81066
2.86991
3.0451
2.86046
3.18895
2.95626
2.80268
3.09329
3.07943
2.9354
2.83552
3.01481
2.97812
2.49301
3.12653
2.50929
2.67957
2.93094
2.60396
3.33189
2.80895
2.96405
3.27616
3.27205
2.81663
2.91324
2.65953
2.94456
2.98879
2.71754
2.82416
2.90947
2.87141
2.97766
2.80582
2.65619
2.97067
2.76678
2.57512
2.8337
2.7334
3.23165
2.90278
3.15639
2.88401
3.15302
2.71021
3.00779
2.79043
2.74776
2.60923
2.86055
2.79904
2.99629
2.49448
2.65505
3.04918
2.75201
3.40485
2.90997
2.78065
3.05148
2.46586
2.81283
2.73954
2.73201
2.81739
3.34093
2.93746
3.06791
2.89695
2.90594
2.88051
2.64674
2.66619
3.11642
2.75754
2.64848
2.89813
3.13126
3.01544
2.85511
3.08141
3.18578
2.7462
3.12036
3.12423
3.01971
3.07212
2.90459
3.12078
2.68586
2.52331
2.74742
2.53365
2.70382
2.92584
3.15177
3.05126
2.74364
3.21772
2.85662
3.01342
2.92005
2.89383
3.39906
2.81903
2.87542
2.69379
2.47689
2.27509
2.58488
2.73571
3.00201
3.21057
2.69833
2.71037
2.8359
2.98955
2.75094
3.2903
2.97962
2.62089
2.72276
2.75171
2.35947
3.08431
2.65634
2.8378
2.64165
3.09928
3.14802
3.03066
2.96059
2.60628
2.5581
3.1029
2.62023
2.63086
2.89644
2.80134
2.88842
3.02788
2.57021
3.05513
3.22358
3.23497
2.97239
3.09065
2.68451
2.86827
2.57072
3.11691
2.95863
2.91047
2.59513
2.74066
2.94149
3.30867
2.50212
2.63798
2.61151
2.62047
2.74297
2.75644
2.82058
2.8096
2.57234
2.85931
2.88165
2.59492
2.89988
3.07617
2.95934
2.76364
2.78088
2.97537
2.6312
2.91929
3.06437
2.82384
2.6944
3.17072
2.92761
3.14613
2.84737
2.64721
3.10911
3.02039
2.91269
2.69289
2.85516
3.17128
2.7398
2.87475
3.10503
3.0778
3.06245
3.00988
2.72016
3.3069
2.68284
2.809
2.96454
2.95276
3.42767
2.89861
2.77881
3.43122
2.75432
2.84893
2.71919
2.85837
2.52334
3.04694
2.83052
2.86788
3.18075
2.93718
3.06215
2.91496
2.98534
2.9362
2.97798
3.35102
2.88149
3.13678
2.88704
2.80425
3.01397
3.18748
2.43885
2.72046
3.00111
3.04494
2.87791
2.97878
2.98891
3.20993
2.57616
2.68189
2.63829
2.7956
2.82474
2.17644
2.7614
2.48928
3.09943
3.14718
2.29105
3.08428
3.2513
2.72594
3.1332
3.21381
3.0913
2.22587
3.09789
2.82751
2.80951
2.94688
2.84267
2.86143
2.7018
2.84308
2.85694
2.77427
2.82209
2.97275
2.71454
2.63063
2.67241
2.81686
2.8083
3.08104
2.9133
2.99163
3.24771
2.81356
2.62065
2.92648
2.80631
2.86116
3.15146
2.74464
2.71876
2.95362
2.89848
2.76124
2.71349
2.98652
2.63728
2.14689
2.88475
3.18588
2.62009
2.82754
2.88748
2.78338
3.05384
2.62014
2.95534
3.23315
3.00994
3.06436
3.06418
2.58111
3.12564
2.65106
3.13684
2.92124
3.06115
2.87845
3.1494
2.73898
2.7119
2.85442
3.04509
2.56243
2.90195
2.79719
2.95209
2.70575
3.0109
2.65488
2.62094
2.65108
2.88855
3.23768
2.63342
2.31349
2.88142
3.02833
2.80076
2.82529
3.14319
3.28055
2.75506
2.94631
2.92485
3.01526
2.70437
2.97871
2.92122
3.07142
2.94111
2.76805
2.74444
2.63089
2.7595
2.6256
2.58788
3.16102
2.71246
2.75464
2.74683
3.3283
2.93284
2.83538
2.68579
2.67198
2.78702
2.73766
3.24414
2.38642
2.71749
2.88233
2.98131
2.83671
2.73587
2.68218
2.86471
2.48189
2.89843
3.02294
2.1869
2.8175
2.89593
2.84888
2.99771
2.67273
2.81026
3.0977
3.01002
2.96506
3.04738
2.66228
2.99773
2.83821
2.9182
2.59954
2.90931
2.75873
2.97449
2.9561
2.87482
2.79426
2.75274
2.39764
2.73581
2.60124
2.36927
2.62863
2.82092
2.62956
2.48892
2.68966
2.47951
3.1533
2.90144
2.90041
3.16538
3.0576
3.05743
2.62061
3.01442
3.06716
3.12181
3.04792
3.1704
3.07303
2.75353
3.08263
2.73017
2.7846
2.56214
3.14265
3.01837
3.17188
2.53412
2.81468
2.91938
2.58677
2.74493
2.69195
2.96463
2.87492
2.96267
2.88723
2.92209
3.02593
3.01838
3.31602
2.75367
2.78646
2.98534
3.17339
2.76235
2.84189
2.46788
3.0345
3.04305
2.71767
3.05042
2.85141
2.64292
2.9146
2.78275
3.06891
3.09003
2.95285
2.59388
2.88698
3.20136
2.62045
2.78793
2.75743
3.1291
2.75615
2.6248
2.55404
2.90677
2.79692
2.74107
3.1062
3.10907
3.14455
2.6302
2.65137
2.88865
2.84638
2.50631
2.88251
2.40638
2.70654
3.11059
2.51769
2.56178
2.77477
2.83913
2.92604
2.88839
2.8222
2.75036
3.02164
3.07229
2.6258
2.86398
2.69242
2.84769
3.09856
2.77614
2.73858
2.71394
2.47294
3.16527
2.75849
2.59637
2.63924
2.57483
2.92451
3.13531
3.02825
3.0995
2.98021
2.80468
2.80631
2.66011
2.96649
2.57107
3.20853
2.83533
2.49783
2.98404
2.58076
3.08423
3.14067
2.75866
2.72632
2.54489
2.88735
2.95069
2.95622
2.59471
2.47936
3.16905
2.95268
2.52247
2.8867
2.8637
2.87072
2.92448
2.75567
2.46157
3.26392
3.11887
2.8156
3.08901
2.9256
2.46449
2.66483
2.94079
2.63995
2.6669
2.98071
2.63354
2.61779
2.67837
2.94308
2.67718
2.80749
2.4574
2.96143
3.12852
2.98601
3.15305
2.86977
2.66786
3.02708
3.0051
3.05868
2.80475
3.116
2.62011
2.6932
2.98415
2.53786
2.79134
2.7235
2.81358
2.85308
2.82638
2.84699
2.94439
2.81675
2.5183
2.99072
2.77745
3.10874
3.03416
2.352
2.8949
2.74486
2.99418
2.67076
3.24903
2.83593
2.80707
2.88986
2.44783
2.79666
2.67135
2.89617
2.77583
2.75522
2.98166
2.97328
2.95654
3.06207
2.35797
2.72519
2.91976
3.40724
3.0615
2.69764
2.56388
2.95784
2.75492
2.77877
2.9025
3.01096
2.66877
2.52564
2.82656
2.97975
2.81665
2.60616
3.1141
2.85934
3.04925
2.93
3.04506
2.8681
2.57402
2.65243
2.97439
2.89671
2.49605
2.17077
2.70074
3.03326
2.92857
2.99815
3.04871
2.77792
2.5824
3.03024
2.58349
2.36852
3.12815
2.77482
2.99414
2.54522
3.20285
2.96112
3.23674
2.63243
2.91185
3.49707
3.18887
3.11948
2.95495
2.90047
2.87835
2.96891
2.95686
3.03648
2.91303
2.94296
3.31239
3.02398
3.04448
3.16067
3.18499
3.08547
2.76204
3.174
2.86622
3.00681
3.28296
3.23476
3.06476
3.16906
3.37201
3.12154
2.65126
2.73553
2.95554
3.09415
3.4628
2.73314
2.87486
3.1725
3.05158
3.15431
2.8903
2.49537
3.07336
2.90508
3.03116
3.01822
3.39189
3.1601
3.29934
3.38736
2.70608
2.60242
2.86668
2.96557
2.92007
2.85076
3.11845
2.73477
2.92877
2.99327
3.27724
3.29027
2.99482
3.18325
3.00686
3.01279
3.15809
3.07103
3.27848
2.95374
3.12173
3.01318
2.96581
2.61126
2.47945
3.09751
2.86642
2.20537
3.31588
2.76214
2.79592
3.0211
2.63888
2.83393
2.77251
3.07033
3.13345
2.86758
2.65697
2.66846
2.48963
2.40232
3.21507
2.73008
2.8467
2.65973
2.68182
2.87739
2.82258
3.15548
2.54851
2.41365
2.65358
2.78733
2.58723
2.73197
2.26384
2.96251
2.78143
3.21798
2.39037
2.95817
3.04005
2.91947
2.84678
3.00533
2.39049
3.07193
2.80802
2.37986
3.16813
2.87733
2.78708
2.85285
2.92052
2.78023
2.6719
2.70878
2.69308
2.70067
2.91395
2.79915
2.75225
2.68892
2.98425
2.83825
3.32544
2.76383
3.07622
2.97133
2.41359
3.32063
2.70965
2.99471
3.21986
2.8872
2.85228
2.92115
2.73937
2.9281
2.80931
2.78757
2.75144
2.86065
2.65155
2.53567
2.82848
2.79956
2.53108
2.66963
2.57539
2.93524
2.60354
2.93418
2.87001
2.91357
2.79032
2.8218
2.64507
2.66893
2.92897
2.8908
2.56282
2.9315
2.60539
2.69679
3.10535
3.03071
2.73852
2.68845
2.63639
2.29665
2.74626
2.79308
2.69515
2.60377
2.60136
2.99683
2.88364
2.77293
2.53012
3.03268
2.7817
3.09801
2.54067
2.99254
2.73662
2.93544
3.16868
2.87523
2.69299
2.85449
3.04062
2.75679
2.47921
2.82119
2.73725
2.73434
2.32052
2.68221
2.83172
2.70664
2.63723
2.63834
2.92396
2.6844
2.6661
2.40908
2.58347
2.68906
2.89676
2.91946
3.25134
2.97675
2.95285
3.36176
2.80428
2.917
3.1045
3.15858
2.88296
3.14025
3.11453
3.21748
3.37118
2.7897
3.134
2.92676
3.00399
3.22313
3.37575
2.80289
3.24911
2.94472
3.41938
3.21466
2.63563
2.58276
2.85163
2.78287
2.45213
3.32965
2.82233
2.4032
2.95352
3.04898
3.23107
3.30921
3.16245
3.05285
3.06441
3.00982
3.1958
2.80812
3.00923
2.69012
3.05417
3.18542
2.93461
2.76303
3.15276
3.18205
3.12456
3.05472
3.48708
2.78284
3.03168
3.18106
3.29888
3.07
2.99861
2.70797
2.77315
3.19189
2.85863
3.00963
3.05872
2.71223
3.17219
2.95552
3.01367
2.95671
3.06347
2.97447
2.59937
2.75531
2.48616
2.75107
3.08
2.57847
2.78125
2.68232
2.51684
2.753
2.86524
2.52858
3.09831
2.55524
2.76363
2.83803
2.69703
3.01012
2.56685
2.53884
2.53374
2.82615
2.849
2.32217
3.02779
2.34294
3.13288
2.89077
2.95293
2.79035
2.74673
2.41686
3.03332
2.84097
3.1507
2.48504
2.81332
2.83961
2.72832
3.17771
3.07315
2.41848
2.72863
2.66534
2.99809
2.69313
2.70069
2.47526
2.85554
2.61473
2.59777
2.64395
3.09516
2.24232
2.53263
2.75127
3.01676
2.80344
2.49823
2.51533
3.1239
3.13151
2.73908
2.38801
2.80513
2.46897
3.07117
2.91853
2.45551
3.01073
2.81896
3.07056
2.83989
2.47642
2.87501
2.56174
2.75386
2.40175
3.29838
2.81969
2.98594
3.02292
3.02752
2.73116
2.81076
3.1069
3.02119
2.84253
3.35599
3.13832
2.83748
2.96781
2.69922
3.04393
3.14653
2.88649
2.76247
2.96315
2.79464
3.0484
3.24233
3.13666
2.83598
2.79068
3.25656
3.125
2.94595
3.19675
3.00875
3.05872
2.98477
2.25302
2.93833
2.9928
2.70016
2.93043
3.00404
2.89612
2.93564
3.19817
2.82033
2.70368
3.24197
3.2146
2.62448
2.59933
2.93193
2.8309
3.09609
3.02994
2.38753
3.0204
3.18231
3.00783
2.87934
3.15093
2.64831
2.88624
2.84556
3.07111
2.90022
3.07976
3.03689
3.13669
2.92708
2.91413
2.94524
2.35098
2.88988
2.65962
2.66133
2.81605
3.13307
2.95404
2.87165
2.73815
2.63355
2.90478
3.06646
2.78638
2.95784
2.77714
2.59943
2.92381
2.97751
2.94659
2.69596
2.86489
2.86687
2.98523
2.8575
2.66621
2.63322
2.63723
2.74981
2.81914
2.74687
2.51534
2.96132
2.65604
2.72661
2.48497
2.74087
2.74804
2.85046
3.01393
2.40587
2.91038
2.72465
2.44905
2.92452
2.54751
2.68503
2.4779
2.58184
2.69935
2.73723
2.87325
2.55424
2.82397
2.50639
2.95432
3.02117
2.52019
2.72196
2.88291
2.69999
2.73975
2.60648
3.15134
3.08872
2.5743
2.9779
3.07695
2.81207
2.64998
2.52197
2.86993
2.81384
2.82946
3.02134
3.16398
2.70047
2.61627
3.05231
2.97022
3.04145
3.08925
3.17846
2.75351
2.96821
2.69324
2.78123
2.91075
3.03792
2.79373
2.88729
2.81366
2.94067
2.93597
2.77819
2.44408
2.94562
3.26254
3.23949
2.44051
3.09615
2.94355
2.70564
2.924
2.97841
2.41503
2.92295
2.65492
2.51916
2.91034
3.39805
2.4914
3.1489
2.97417
2.64448
2.62928
2.97543
2.77722
2.62152
2.6703
2.7197
2.75007
2.90522
2.88535
2.7239
3.30668
2.75307
2.67679
2.99097
2.60176
2.84685
2.91762
3.10389
2.90902
3.07579
2.7129
3.14666
2.89234
2.822
3.47718
2.94681
3.30829
3.09569
2.88187
3.385
3.01733
3.48276
3.00129
3.15429
2.89399
3.02152
2.75461
2.6096
3.13614
2.86919
3.0306
2.86819
2.86745
3.18058
3.28263
3.02418
2.75594
2.48941
3.37474
3.16909
3.36045
3.23412
3.11868
3.05284
2.91785
3.15876
2.96259
3.33923
3.1806
3.02395
3.03203
3.42024
2.78835
3.25049
2.6113
3.09804
3.13409
2.8053
3.06098
2.92508
2.91427
2.63592
2.75869
2.86476
3.20185
3.12316
2.42538
2.8479
2.93787
2.86482
3.05482
3.23095
3.06638
2.89907
3.19773
2.54513
2.88498
2.88117
3.24669
2.95296
2.63217
3.07807
2.84393
2.7302
3.13298
3.34333
3.00184
2.8327
3.03076
3.02641
2.8198
3.08958
3.36005
2.98336
3.12219
2.85633
2.76591
2.61985
2.61202
2.77637
2.27079
2.48792
2.85999
3.25987
2.78673
2.67916
2.77305
3.17465
2.92604
2.9599
2.91915
3.10885
2.93378
2.9131
2.95445
2.69519
3.12662
3.03002
3.21991
3.22606
3.22599
2.88554
2.96502
2.82953
2.59678
3.25707
2.7483
3.03358
2.95653
2.88205
3.01661
2.78112
2.53045
2.5042
2.64426
3.06457
2.78682
2.77205
2.69188
2.73437
2.99572
2.3491
2.85157
3.03364
3.17132
2.90138
2.51603
2.72546
2.7165
2.8177
3.0213
2.94984
3.32807
3.06288
2.61384
2.73494
2.52867
2.43483
3.15373
2.45278
2.86167
2.93818
2.94072
2.7734
2.93538
2.54565
2.8929
2.9461
2.52816
2.97332
2.75602
2.74578
2.54001
3.09045
3.10396
2.78043
2.63921
2.5664
2.35931
3.18782
2.75615
2.50592
2.7628
2.89269
2.8734
3.0361
2.74931
2.68189
2.78923
2.80995
2.72095
2.907
3.12008
2.67156
2.62569
2.69967
2.62738
2.74322
3.17113
2.44672
2.89305
2.85249
2.46001
3.0704
2.28859
2.74872
2.99045
2.75043
2.76292
2.83133
2.76442
3.07817
2.74708
2.5989
3.01713
2.87999
2.7682
3.23357
2.99548
2.64655
2.6971
2.92136
2.97557
3.01328
2.74661
2.65187
2.66085
2.91206
2.84024
3.28884
2.80819
3.03327
2.64962
2.84618
3.10139
2.755
2.43847
2.35722
2.84144
3.05759
2.83003
2.46588
2.86266
2.73906
2.70078
2.56201
2.6052
2.99964
2.78218
3.11237
2.79436
3.13218
2.52886
2.66703
2.61065
2.97846
2.8981
3.02584
2.82557
2.89287
2.3779
2.44258
2.68963
2.96654
2.58274
2.87283
2.78485
2.52061
2.61346
2.79917
2.5752
2.52955
2.59007
2.74
2.73081
2.60033
2.68183
2.77555
2.96177
2.8656
2.59124
3.15655
3.01554
2.9408
2.91677
2.60272
2.99648
3.27334
2.84159
2.69764
3.03137
2.77315
2.51805
3.17313
2.86762
2.54845
2.87321
3.03388
2.73328
2.97212
2.7444
2.57108
2.83998
3.04952
2.35223
2.36636
2.95884
2.88664
3.07775
2.76695
2.54096
3.29295
3.02517
3.17943
3.18277
3.08382
2.71808
2.93829
2.98092
2.91852
2.71403
2.98644
2.77241
2.97238
2.69246
3.22972
2.56005
2.95786
2.85496
2.9473
3.05507
2.76366
2.86876
2.84068
2.64775
3.31769
3.00186
2.89338
3.14098
2.93254
2.76988
2.75896
2.83031
2.93496
2.79143
2.68245
3.13546
2.81376
2.33212
2.99988
2.68314
2.50215
2.56613
2.88168
2.81126
2.64865
2.84082
2.77252
3.07993
2.85441
2.96174
3.20667
2.77756
2.74456
2.74545
2.42904
3.00946
2.52645
2.78726
3.17904
2.76918
2.53469
2.90621
2.40385
2.93851
2.9137
3.2643
2.8381
2.97836
3.01968
2.58677
2.69207
3.2302
3.12158
2.8161
2.40482
2.72546
2.72001
3.07873
2.64665
2.62905
2.50308
2.93955
3.10806
2.28783
2.50101
3.03126
2.79581
2.71406
2.75727
2.74718
2.7152
2.63347
2.61966
2.91837
3.44359
2.81793
3.14675
3.02267
3.01354
2.62634
3.04665
3.20951
2.86288
3.38926
2.62349
3.19685
2.52609
2.88919
2.58459
2.8575
3.35796
3.38249
3.23338
3.06243
2.9518
2.67387
3.04644
3.40296
2.98569
2.73266
2.93141
3.14308
3.20049
2.97757
2.86718
2.9575
3.16343
3.28739
2.68343
3.12266
3.08824
2.9952
3.3051
3.06591
3.05689
2.83591
3.06981
2.80996
2.76261
3.10981
2.71487
2.63997
2.67764
2.99106
3.14207
2.51317
2.89384
2.80425
2.98078
3.40664
2.49879
3.0857
3.22607
3.07578
3.06303
2.99469
2.86431
2.98098
3.09595
3.14556
2.95253
3.0903
3.32555
2.81785
2.89139
2.84205
2.89522
2.56571
2.61901
2.68263
3.13113
3.10781
3.07664
2.78983
2.60691
2.75004
3.00266
2.61628
3.28884
2.94206
2.66624
2.78197
2.83379
2.99597
2.65463
2.63929
2.95305
2.90666
3.06713
2.72884
3.08164
2.63747
3.08494
2.9907
2.63646
2.95287
3.01472
2.58529
2.81612
2.83108
3.03667
3.0097
2.85809
2.52405
2.67698
3.17794
2.93552
2.77492
3.20577
2.57077
2.99011
3.33539
2.80585
2.67789
2.55898
3.20309
3.27424
3.27925
3.25229
2.70579
3.14444
2.97418
2.64429
2.77085
2.4051
3.10438
2.64392
2.64458
3.0679
2.79151
3.10802
3.02917
3.01317
2.9493
2.85181
2.71816
2.8951
2.99233
3.21449
2.73431
2.80876
2.74525
3.23313
2.89781
2.72482
2.82252
2.86572
2.64488
3.25914
2.91834
2.89717
2.44776
3.39813
2.96504
3.13943
3.12006
3.1137
2.89169
2.63142
2.47529
3.44101
3.18781
3.02635
2.65163
3.29425
3.0568
3.05871
2.60964
3.07751
2.84856
2.83095
2.89064
2.53412
3.14909
2.85325
3.23806
3.04164
3.61443
3.19119
2.89832
3.48361
2.98382
2.83367
3.01339
2.8956
2.96811
3.09733
3.03841
3.05666
3.07263
3.13697
3.22082
2.86247
2.65064
2.71415
3.13849
3.1696
3.19222
2.79527
3.24343
3.35284
3.13483
3.23085
2.67687
2.77278
3.18124
2.77775
2.63867
2.81058
3.02204
3.41181
3.22158
3.33684
2.82901
3.05573
2.85529
2.82662
2.77384
2.90405
3.08735
2.58176
2.32576
2.56911
3.0577
3.41692
2.62561
3.05345
3.32911
2.92202
2.94465
3.19974
3.40381
2.67376
3.37358
3.16767
2.93121
2.94305
2.91655
3.14819
3.07682
3.082
2.75648
2.57226
3.02902
2.97078
2.94068
2.48826
2.55099
2.7306
2.89765
2.9353
2.57377
2.90721
3.14996
3.0605
2.64938
2.64406
2.887
3.18989
2.56309
2.84637
2.99497
2.5271
2.94493
2.97427
2.96437
3.1387
2.87587
2.75149
2.86188
2.72306
2.74239
2.28082
2.99023
2.64438
2.41659
2.82429
3.0338
2.75292
2.82001
2.59791
2.61602
2.83911
2.82536
2.9256
3.24266
2.62538
2.6781
3.0274
2.76383
2.51706
2.78148
2.81596
2.56737
3.24099
2.95326
3.54405
3.01444
2.83276
2.76634
3.20764
2.76616
3.36807
2.81033
2.86613
2.71597
3.11516
3.39985
2.73565
2.8328
2.98828
2.73185
3.09882
2.85287
2.93631
3.19706
2.9067
3.11413
2.9399
2.73885
3.10407
3.23955
2.77429
3.06973
2.99676
2.884
3.00911
2.70428
2.86029
2.937
3.12821
2.79827
2.92893
3.04543
2.76839
2.93956
3.28136
2.8787
2.75398
3.37651
3.08538
3.07226
2.79901
2.92778
3.33332
2.93972
2.96859
3.03163
2.91289
3.31119
2.92122
2.69819
2.72154
2.83831
2.53526
2.70827
2.8597
2.59504
3.28279
2.33306
2.86897
2.34466
2.50829
2.83416
2.78401
2.41888
3.04607
3.08858
2.93569
2.84235
2.79836
2.91217
2.78501
2.80755
2.79942
2.70533
3.11465
2.49867
2.66332
2.77799
2.62762
2.55337
2.92829
2.61843
2.89033
2.75374
2.92347
2.53601
2.58338
2.42902
2.72289
3.10394
2.85672
2.64028
2.89278
2.78672
2.53475
3.02168
2.92511
2.55512
3.06716
2.71243
2.60679
3.28961
2.66196
2.69938
3.31479
2.87316
2.58441
2.75839
2.74462
3.13543
2.93268
3.15227
2.65503
2.84959
2.72326
3.08478
2.95888
2.98018
2.8452
2.44269
2.52823
3.15809
2.85498
2.75852
3.1653
3.03143
3.17371
2.83237
2.42414
3.13573
3.04833
3.20464
3.032
2.83455
3.30652
2.87203
3.1409
3.10028
2.94055
2.96405
2.72175
2.78342
2.78224
2.92499
2.74594
2.73476
2.77396
3.42502
3.17667
2.63096
3.08159
3.07141
2.76963
3.47656
2.88075
3.01636
2.91629
2.54289
2.91711
3.13104
2.65173
2.93978
3.20755
2.93459
2.85572
3.14801
2.76015
3.14997
2.92361
3.13414
3.10213
2.89854
2.97648
2.96991
3.35076
3.30981
2.68192
2.76324
2.90926
2.82357
3.07797
3.01354
2.7497
3.08501
2.97234
3.15428
3.12446
2.86934
2.43376
3.04862
2.66712
2.90964
3.05482
2.80392
2.68022
2.88269
2.60267
3.18837
3.02638
3.18955
2.72309
2.96289
2.49529
2.62089
3.24922
3.08948
3.07109
3.17939
2.99419
2.82313
3.10707
3.06296
3.14446
2.98748
2.75598
3.22842
2.99155
2.80408
3.55994
2.92955
3.117
3.15661
3.08678
2.84793
3.27056
2.71516
3.13171
2.92906
2.96636
2.68769
2.94579
3.1496
3.19091
2.97112
3.23766
2.96279
2.96368
2.88955
3.3308
2.95637
2.82951
2.97642
2.95213
3.26277
3.232
3.11433
2.84281
2.67105
2.98195
2.74995
3.25754
3.01246
2.72357
2.88603
3.34531
2.95524
2.8837
2.92702
3.22618
2.64385
3.05991
3.09558
2.92533
3.2854
2.73426
3.2068
2.70075
2.89567
3.02861
2.69689
2.78643
2.47438
2.8109
2.79002
2.56679
2.89502
2.55095
2.76569
2.8919
2.54469
2.58981
2.76243
2.76922
2.97788
3.01983
2.71653
3.05441
2.77316
3.0745
2.39547
3.16739
2.84583
2.79302
2.44046
2.97321
2.97828
2.85957
2.79013
2.83369
2.52311
2.60612
2.60413
2.96616
2.65817
2.92837
2.70089
2.98697
2.94897
2.6995
2.85553
2.72931
2.74194
3.17829
2.98035
2.9898
2.86195
2.78532
3.14604
2.89879
2.5743
2.56583
3.40324
2.61695
2.97467
2.66298
2.92367
2.58034
2.47823
2.88895
2.7812
2.49493
2.85996
2.47875
3.02299
3.12586
3.02112
2.91544
3.10771
2.62602
3.01623
2.90293
2.90122
2.87582
2.64819
2.56217
2.72181
2.90949
3.00634
2.51902
2.77001
2.31932
2.58779
2.60076
2.87522
2.62625
2.57236
2.61707
2.93107
3.12122
2.96299
2.84749
3.03688
2.61538
2.98752
3.15573
2.49361
2.76794
2.73932
3.11703
2.97889
2.89504
3.04281
2.5121
2.6074
2.99045
2.82188
3.19048
2.82066
2.80069
2.90661
2.70546
3.21243
2.96886
2.66327
2.77539
2.62992
2.85492
2.47236
2.91915
2.68509
2.85178
2.98819
2.78992
3.0725
2.73415
3.35317
2.75048
2.66205
2.69223
2.76046
2.81053
2.13944
2.8335
3.23423
2.77107
2.97549
2.80378
3.26446
3.18298
3.06402
2.8732
2.90731
2.67532
2.79301
2.49332
3.14188
3.1636
2.52926
2.95096
2.60383
2.904
2.77082
2.75539
2.92201
3.05178
2.65972
2.71175
2.93465
3.1073
3.19072
3.01778
2.49153
2.81975
2.78246
2.64696
2.9714
2.812
2.50149
2.88174
3.18092
3.02142
2.94081
3.63467
2.63347
3.02563
2.81616
2.64344
2.99613
3.14023
2.91788
2.64807
2.65635
3.36552
2.88693
2.64628
2.17788
2.93539
2.98463
2.88741
2.88786
2.56921
2.67226
2.62289
3.12736
2.71692
2.94316
2.93177
2.86524
2.95351
2.34674
2.6841
2.97513
2.91726
3.06542
2.74473
2.73765
3.08958
2.78664
3.00819
2.66215
2.71325
2.95453
2.83952
3.10001
3.13013
2.50426
2.65614
2.8599
3.40079
2.89145
3.18355
2.32085
2.75451
2.96318
2.60186
2.8509
2.79547
2.59624
2.70538
2.64475
3.02666
2.87753
2.47387
2.41904
2.69203
3.0953
2.61629
2.26966
2.48789
2.31275
3.04974
3.01249
2.40499
2.93261
2.8597
3.00891
2.79096
2.64974
3.19549
2.93763
3.26289
2.58519
2.91267
3.01791
3.59716
3.10581
3.01944
3.13787
2.70512
2.91918
2.90465
2.89368
3.17714
2.75696
2.9146
3.41958
3.04887
3.14555
2.83234
3.46651
3.10659
2.74913
3.4384
3.0838
2.97888
2.96588
2.96254
3.36463
3.13188
2.99763
2.1416
2.6974
3.45571
3.03783
2.99013
2.8291
3.0276
2.88608
3.06409
3.04799
2.68622
3.38233
3.37422
2.6074
2.97543
2.56923
2.68599
2.47076
2.57501
2.90174
2.94314
2.72053
3.04017
2.54639
2.7804
2.70958
2.58063
2.81922
2.62673
2.51897
3.00987
2.97657
2.59434
2.32604
2.34087
2.80928
2.3739
2.78976
2.52601
2.96241
2.41888
2.56878
2.72066
2.74443
3.12152
2.44343
2.08941
2.57578
2.94173
2.49861
2.33463
2.80739
2.64307
3.11041
2.97577
2.47128
2.74295
2.64532
3.00665
2.76633
2.41208
2.86624
2.79473
2.98179
2.95466
3.01036
2.61839
2.86794
2.82343
2.79408
2.8726
2.37708
2.93811
2.90902
2.94337
3.19022
3.23989
3.42344
3.10406
2.70136
2.99269
3.14588
2.54849
2.99795
2.74367
3.24539
2.84829
2.88008
3.11944
2.59769
2.96684
2.73474
2.60289
3.05119
3.1537
3.0543
2.60628
2.52212
2.95501
2.62869
3.08092
2.96895
3.06357
3.06225
2.60011
3.04606
3.01246
2.44141
2.95224
2.78578
2.875
2.76211
3.04212
3.14543
2.92996
3.22175
2.99465
2.4494
3.30881
2.51566
2.61065
3.00005
2.8944
2.746
2.89749
2.81098
2.82512
3.02799
3.18734
2.61993
2.92864
2.61822
2.94834
2.50788
2.76026
2.90958
2.9178
2.7035
2.79322
3.07244
2.99996
2.43338
3.04935
2.90873
2.90065
3.12487
3.061
2.78448
2.85341
2.91148
2.67717
3.18855
3.02578
2.93284
3.26344
3.13077
2.67263
2.55796
2.94921
3.06746
2.77463
3.10964
2.75354
3.01106
3.31043
2.78339
2.58641
3.03059
3.04379
2.79423
2.8251
3.4913
2.76842
2.92933
3.12344
3.15957
2.51449
2.95192
2.62962
2.84525
3.05837
2.898
3.00513
2.83136
2.42173
2.93028
2.84746
2.90257
2.99295
2.98631
3.0886
2.68111
3.13577
2.89741
3.11962
2.9453
2.94664
2.6929
2.83005
2.64296
2.88364
3.11717
2.6779
3.46822
2.82983
2.78629
2.79338
2.93252
2.90773
3.05158
3.1462
2.66281
2.88204
2.87578
3.06539
2.87744
2.85365
2.84549
2.6761
2.87496
2.91579
2.92976
2.8667
2.70827
3.22795
3.11678
2.62058
2.83036
3.45988
2.82392
3.07192
3.1921
3.57864
2.7213
3.20073
3.0242
2.96597
2.56023
2.60479
3.07781
2.65048
2.71521
3.07597
2.588
2.65174
2.88193
2.70966
2.73048
2.83098
2.76023
3.04814
2.65716
2.37045
2.50142
2.5716
2.64606
2.48556
2.6886
2.59394
2.9055
2.51206
2.25882
2.34237
2.96887
2.64691
2.90501
3.03696
2.98787
2.8299
2.97893
2.66383
2.17497
2.79778
3.29172
2.8468
2.9501
3.05927
2.60272
2.80925
2.4205
2.73587
3.19676
2.69888
2.38136
2.85474
2.55203
2.36958
2.68493
2.77534
2.56785
2.85517
2.68096
2.76419
2.83022
2.95409
2.20818
2.8469
2.5617
2.77136
2.8375
2.43536
2.5012
2.84436
3.18498
2.59598
2.54135
2.61861
2.62242
3.02478
2.48438
2.89071
2.954
2.76522
2.47836
2.67947
2.99262
3.01269
2.66904
2.53157
3.06377
2.98175
2.56125
2.62991
3.03223
3.02565
3.29925
2.84811
2.98337
3.00279
2.9392
3.177
3.03791
3.06024
2.81958
2.99482
2.92802
2.6267
2.77065
2.64113
2.98509
2.60224
3.22668
3.18642
2.74221
3.02986
2.80054
2.98194
2.99215
2.78665
3.11039
2.95032
2.92493
3.0673
3.06187
2.81875
2.75883
3.26146
3.48371
2.9325
3.04766
2.52679
3.25152
3.21196
3.2366
2.87131
2.90725
3.17555
2.97026
3.08607
3.0396
2.90378
2.84182
2.58487
2.86983
3.08165
3.36548
2.59951
3.07843
3.14756
3.19532
3.14132
2.98902
2.88895
3.11691
2.82153
3.27577
2.97628
2.9875
3.18852
2.22155
3.23303
3.04307
2.96336
3.14052
2.73984
2.89132
3.43161
3.06477
3.33725
3.04272
3.39287
2.99171
3.16197
2.83889
2.92326
3.10648
3.24647
3.00078
2.9643
2.88249
2.96501
2.72074
2.9087
2.85747
3.0437
2.85266
2.82892
3.16416
2.93157
2.83311
2.77681
3.00411
2.90561
3.18149
3.06134
3.09579
2.81493
3.09623
2.69909
3.24576
2.92029
3.04803
2.74332
2.38677
3.20534
2.70726
2.84045
2.82134
3.0641
2.79082
3.02923
2.85067
2.77936
2.66163
2.61511
2.28627
2.60224
2.79881
3.26054
2.58918
2.70718
2.57297
2.95039
2.76945
2.91916
2.93521
3.10793
2.88507
3.03799
2.69153
2.82916
2.98338
2.81632
2.80713
2.64898
2.70922
2.48649
2.70229
2.63553
3.03997
2.86498
2.95955
2.67986
3.04459
2.7624
2.6594
2.81624
2.60065
2.7041
2.43301
2.78891
2.52162
2.91158
2.92068
2.74987
2.76808
2.6453
2.91494
2.51872
2.55024
2.85216
2.64492
3.02746
2.87526
2.77857
2.67516
2.93393
2.46835
2.51372
2.57322
3.11932
2.75684
2.9108
2.71544
3.11425
2.88704
2.9576
3.18861
2.58283
3.11565
3.12316
2.68456
3.35283
3.01243
3.01582
2.5524
2.69109
3.05094
3.0204
3.08613
2.53622
3.08944
3.13829
3.08779
2.98396
2.30703
2.95424
2.77645
2.68131
3.11671
3.09855
2.89466
3.01897
3.08017
2.95485
2.47774
2.74257
2.75176
2.9067
2.95637
3.41249
2.52235
2.83047
2.71933
2.62672
2.85381
3.02836
2.81134
2.63877
2.84166
2.84952
2.62375
2.77239
2.58426
2.94953
3.12229
2.64163
2.86846
2.76193
2.64913
2.32869
2.99271
3.10128
2.83682
2.96741
3.05694
2.88432
2.91049
3.11851
3.13855
3.29068
3.19333
3.20074
2.73354
2.95975
2.91028
2.96943
3.2155
2.48893
3.16129
2.80248
3.09413
3.10602
3.15237
3.19387
2.88475
2.85785
3.04668
2.83719
2.85618
3.16683
2.94381
2.45507
2.90901
2.92992
2.8809
2.72482
2.97518
2.54721
3.04973
2.74119
2.72437
2.74035
2.9268
3.05006
3.26377
2.80261
2.6984
3.10802
3.05196
2.85124
2.33155
2.76937
3.13048
2.98815
3.23368
2.37207
3.30432
2.92136
2.85864
2.8313
2.98841
2.80479
2.74131
2.60502
3.24863
2.97825
2.77065
2.85768
3.20128
2.86886
2.8293
2.71355
3.05982
2.81224
2.55548
2.85504
2.53959
2.54176
3.08188
2.43484
2.39574
2.73162
2.69551
2.459
2.64228
2.55274
3.12929
2.70822
2.18514
2.50378
2.7008
2.52136
2.61118
2.66047
2.72589
2.47722
2.58286
2.55469
3.23064
3.07904
3.10417
3.19841
2.45859
3.08883
3.15934
2.56945
2.98742
2.91001
2.94793
2.70877
2.78443
3.18265
3.24396
2.79332
2.43287
2.96744
3.6241
3.00826
2.7661
3.13961
2.98377
3.01621
3.29012
3.23533
2.85427
2.83926
3.37325
2.69686
2.7434
3.14537
2.50849
3.12318
3.03604
2.77362
2.77678
2.88715
2.64892
2.55575
2.69164
3.0006
2.7674
2.87804
2.85417
3.08713
2.96132
2.77381
3.03906
3.0875
2.45683
2.78632
2.91074
2.94943
3.36737
3.20362
2.98621
2.8949
3.0072
3.05047
3.09605
2.97564
2.69229
2.90296
2.93563
2.79506
2.63436
3.15064
2.88695
2.88972
2.80183
2.90369
2.68532
3.34272
2.80636
3.27963
3.14026
3.03127
3.1215
3.19676
3.08714
3.08342
3.18322
2.87652
3.072
2.99886
3.32163
3.07182
3.04998
2.82013
2.89933
2.67522
2.63384
2.58997
2.9131
2.68614
2.58941
2.59772
3.15128
2.96407
2.80769
2.18809
2.86938
3.24973
2.88802
3.06853
3.00157
3.05373
2.93572
3.17718
3.2134
3.24109
2.77354
3.15493
2.97794
3.18067
2.37776
3.03639
2.81722
3.18732
3.0178
2.923
2.7706
3.00947
2.96639
2.87736
3.16931
3.34907
2.9938
3.5923
3.05815
2.8676
2.97604
2.98859
3.62865
2.58457
2.96491
2.56737
2.4871
2.76994
2.54124
2.43903
2.49965
3.09602
2.88058
2.84703
2.60581
2.56149
2.99511
2.77167
2.52822
2.80548
2.28821
2.79351
2.96437
2.63353
3.05959
2.7684
2.76842
3.447
2.93317
2.81354
2.95316
2.73515
2.90529
2.91455
2.94629
2.6835
2.70429
2.67329
2.91045
3.2144
2.29917
3.04147
2.97714
2.79504
2.95344
3.05726
2.99229
2.92742
2.81994
2.60341
3.03933
3.10354
2.99924
2.64327
2.85783
2.83486
3.07176
3.25982
2.95374
2.58806
2.71828
2.74792
2.73801
2.96626
3.03491
2.67793
2.92177
2.82228
2.42359
3.23786
2.91873
3.19362
2.54511
2.45809
2.6574
2.45894
3.04041
3.0445
2.91862
2.85777
2.52684
2.83508
3.18091
2.85361
3.13007
2.7262
2.66845
2.84002
3.06943
3.09044
2.92551
2.88829
3.24026
2.96847
2.35186
2.54945
2.86985
3.12147
2.49842
2.63163
2.82085
2.98254
3.05682
2.85678
2.97735
3.08188
2.81785
3.33726
3.1092
2.83181
2.99948
2.63154
2.93577
2.83501
2.62106
2.87112
3.0777
2.93319
2.88134
3.07975
2.77126
3.28029
2.73288
3.08317
3.04353
3.13285
2.99303
2.80163
3.22174
3.35435
2.90987
3.19723
2.64851
2.93781
2.94716
2.75243
2.5914
2.34968
2.72601
2.94003
2.56638
2.69792
3.01396
2.6366
3.33149
2.97461
2.75422
2.82457
2.46161
2.73437
2.56782
2.89506
2.88756
2.9538
2.46749
3.11925
2.66066
2.83951
2.79786
2.75006
2.5315
2.49075
2.52036
2.9256
2.897
2.52577
2.69271
2.748
2.8599
2.98178
2.69265
2.94941
2.66923
2.57493
2.71376
2.82792
2.57984
2.80739
2.72158
2.95595
3.01919
2.59834
3.04671
3.13171
3.23866
2.77561
2.77679
3.30435
2.69029
3.00649
3.13488
2.88792
3.26338
3.22111
3.14991
2.77751
3.10221
3.02052
2.42869
2.87451
3.00408
2.85765
2.66541
2.76673
2.60571
2.62064
2.85614
2.72095
2.91841
2.77607
3.14193
2.91238
2.20343
2.85059
3.19164
2.61246
2.63359
2.94641
2.93807
3.018
3.03864
2.55254
2.67782
3.23903
2.87498
2.41774
2.81659
2.52706
2.62196
2.69518
2.63022
2.6011
2.84351
2.39221
2.01742
2.76567
2.69569
3.05745
2.59599
2.96348
3.03287
2.60433
3.10749
3.2573
2.53743
2.63074
3.13963
3.03261
2.71073
3.30874
3.00087
2.63932
2.86568
2.73581
2.58392
3.18354
2.78305
3.08658
2.77542
2.77452
2.69232
2.59818
2.88365
2.47762
2.72034
2.74404
2.53805
2.80694
2.93506
2.94968
2.73892
2.68897
2.94761
2.66956
2.79283
2.72923
2.79952
2.67015
2.76172
3.15719
3.08672
2.9805
2.69112
2.985
2.5994
2.93935
2.86339
2.99731
3.0428
2.89157
2.65239
3.10398
3.08815
2.90964
3.56892
2.56074
2.71698
2.84257
2.7034
2.8191
3.08464
3.05533
2.61759
