28.8588
28.9226
29.2776
29.2488
28.8604
28.7766
28.639
29.0586
28.6706
28.8514
29.111
28.5122
29.1276
28.7234
29.5959
28.8223
28.7993
28.7891
28.7584
29.1169
29.0943
28.9855
28.5023
28.6898
28.6031
29.0661
29.1281
28.9303
29.0073
28.7798
29.1027
28.8093
29.1077
29.0848
28.6253
28.4015
28.9312
29.1135
28.8637
28.8478
28.7618
28.8626
29.3783
28.5367
28.6053
28.7422
28.9249
28.9935
28.7897
28.8326
29.1364
28.4752
28.9207
28.6539
29.1892
28.4801
28.5447
29.2477
28.8979
28.9713
28.7073
28.7946
28.6415
28.5545
29.2272
29.1071
29.1747
28.7904
29.1667
28.5596
28.9678
28.9944
28.7906
28.8862
29.1486
28.691
28.8215
28.7963
29.0878
29.3069
28.9418
28.5933
29.0741
28.8463
29.0376
29.1608
28.7008
29.1693
29.1479
28.9647
28.5638
28.9034
28.9226
28.955
28.9783
29.2349
29.352
28.8127
28.5178
28.905
29.4336
28.7573
28.8439
28.5511
29.0821
29.184
28.8089
28.6283
29.1083
28.6567
29.2602
29.4381
28.8546
28.7926
29.2185
28.8296
28.5441
28.5741
29.2579
28.6771
28.7614
28.8576
28.5548
28.8668
28.9911
28.8644
29.1047
29.1183
28.7925
29.2243
29.1198
28.7432
28.8317
28.8828
28.6923
28.9064
28.85
28.6795
28.8727
28.8568
29.1663
28.9147
28.4005
28.6721
29.0758
28.6546
28.2588
28.3301
28.4282
28.8314
29.2797
28.9449
29.0744
29.0006
29.1362
29.0396
29.113
29.0211
28.8314
28.7455
28.5626
28.2062
29.1359
28.8987
28.8119
28.9318
28.729
29.0662
29.0489
28.9205
28.5935
29.0431
28.7627
28.9992
28.7318
28.6253
28.7631
28.8622
28.8095
28.7524
28.8166
28.9073
28.7242
28.7105
28.4841
28.7348
28.7076
28.3339
28.9235
28.5905
28.9066
28.5733
29.1159
28.9812
29.0317
29.1905
28.9296
28.8166
28.8634
28.6717
28.7499
28.8669
28.954
28.89
28.8012
28.8817
28.9198
29.2168
28.9613
28.6198
28.9483
28.8024
28.8724
28.9196
28.9369
28.9796
28.7251
28.6383
28.5801
28.7308
29.0825
28.8802
28.7494
28.826
28.542
28.5957
28.8411
28.8456
29.0216
28.5737
28.9084
28.8128
28.6691
29.099
28.5163
28.7791
28.5716
29.0159
28.6624
28.6556
28.9937
28.8677
28.727
28.2734
28.6787
28.4577
28.864
29.0523
28.8455
28.8215
28.8789
28.9982
29.0935
28.9076
28.9579
28.8117
29.0644
28.6711
28.1259
29.272
29.0139
28.9262
28.7135
28.6627
28.4473
28.9867
29.0725
28.4239
28.909
28.916
28.833
29.1931
28.4024
29.0577
28.9743
28.8993
28.7929
28.9783
29.1298
28.8637
28.7126
29.1878
28.7989
29.0346
28.6326
28.6883
28.9878
28.4045
28.7331
29.2351
28.7778
29.1704
28.9361
28.6164
28.8758
29.4027
28.6748
29.1375
29.019
29.19
28.7166
29.0899
29.1216
28.9645
29.3795
28.9334
29.3437
28.847
29.005
29.1482
28.9805
28.5292
28.9505
28.8139
28.8609
28.786
29.5987
28.8609
28.9087
29.4363
28.6952
29.1743
28.8518
29.3466
29.133
29.0426
28.9644
28.8902
29.2581
28.953
29.3978
29.008
29.0822
29.1145
28.8631
28.7357
29.2888
29.0528
29.2558
28.9544
28.9036
28.8309
28.8721
29.2861
28.5925
28.7252
28.5331
28.7955
29.1727
29.037
28.8515
28.9044
28.7085
28.8743
28.8526
29.2229
28.8453
29.0644
28.9074
29.2478
28.8064
28.9772
28.5708
29.0514
28.7733
28.9895
28.9301
29.2299
28.9706
28.8527
28.8582
28.7085
28.6747
29.2578
29.1104
29.0927
28.8701
29.0128
29.2977
28.9786
28.9611
28.8973
28.8554
28.9671
28.8204
29.3067
29.2778
28.7816
28.7312
28.8791
28.6812
28.8701
29.0563
29.2781
28.4897
28.5771
28.9213
29.0242
28.5789
28.5362
28.5673
28.8658
28.8801
28.77
28.9033
28.9232
29.0049
28.7869
28.9937
28.9378
28.8414
29.405
29.1022
28.8031
29.0549
28.9828
28.5313
29.1026
28.6669
29.2063
28.8692
28.8292
29.0212
29.1271
29.2953
28.6475
28.7799
29.0281
29.4444
29.1524
28.6517
29.028
28.9594
28.9511
28.8493
29.2659
28.9868
29.0863
28.8639
29.0232
28.6626
28.5723
29.2808
29.2758
28.9964
28.9543
28.8895
28.8794
28.89
28.6254
29.2572
28.7922
29.3607
28.5232
28.8589
28.8435
28.9941
28.5642
28.6315
28.463
29.0105
28.9845
28.8196
28.6947
28.9618
28.8802
28.8425
28.7693
28.8128
29.2679
28.7666
28.9316
28.7859
28.9928
28.8448
28.9476
29.0043
28.9498
28.7189
28.7478
29.0432
28.5936
29.1023
28.8729
28.6351
28.8181
28.9738
29.0965
28.8405
28.7084
29.0689
28.6728
29.0184
29.2663
28.6493
28.7693
28.9199
28.8965
28.8901
28.5617
28.8218
28.7567
28.6486
29.0264
28.3687
29.0339
28.8573
28.9963
29.0135
28.5814
28.8377
28.7908
28.8784
29.3428
28.5013
28.6882
28.8489
28.8225
29.0446
28.7519
28.8348
29.0829
28.945
29.009
28.2773
29.1669
28.5627
28.7731
28.598
28.829
28.6954
28.7758
29.1125
28.5353
28.9766
28.5166
28.8359
29.1604
28.917
28.6504
28.8889
28.4804
28.8711
28.2725
28.816
28.4936
28.69
28.9029
28.9643
28.4416
28.7593
28.7998
28.6493
28.8069
28.9366
28.6963
28.7988
28.7966
28.9827
28.693
28.7728
29.1486
28.5639
28.298
28.8364
28.4586
28.5456
29.0405
28.7025
28.9445
28.9818
28.5968
28.8773
28.66
29.1775
28.6547
28.5841
28.4681
28.6728
28.6752
28.9119
28.6257
28.3707
28.6393
28.5292
28.9285
28.6674
28.9394
28.752
28.6595
28.5421
28.8727
28.8813
28.7266
28.7373
28.391
28.7139
28.3974
28.9008
28.4047
28.2725
28.6927
28.6352
28.4869
28.7139
28.6108
28.8635
28.5849
28.329
29.073
28.5851
28.9121
28.7962
28.8049
28.8807
29.0505
29.1934
28.1812
29.1048
28.5681
28.5223
28.1196
28.8245
28.4471
28.8812
28.5225
28.3845
28.8445
28.8154
28.4011
28.6081
28.5056
28.4472
28.49
28.7682
28.6192
28.1721
28.9258
28.4374
28.7405
28.683
28.5272
28.4671
28.8293
28.7014
28.6387
28.5097
28.9761
28.8804
28.4715
28.5298
28.8669
28.4778
29.2442
28.3757
28.7094
29.0687
28.6993
28.3675
28.4503
28.5263
28.5967
28.7025
28.4446
28.5251
28.5333
28.7833
28.6691
28.3485
28.5325
28.8385
28.2817
28.9686
29.3044
28.9491
28.9756
28.8282
28.948
29.0782
29.0581
29.183
29.2601
28.5876
28.9793
29.1659
28.8124
28.7546
28.7962
28.9689
29.0103
29.2911
28.7627
29.1344
28.9809
28.6601
28.7649
29.2154
29.2016
29.0757
28.9265
28.8082
28.7529
29.1647
28.9515
28.9211
28.8791
29.346
28.9451
28.5401
28.659
28.9517
28.8703
29.1855
28.7861
28.9685
28.3393
29.2439
29.0952
29.0075
28.8137
29.017
28.8892
29.2197
29.203
29.3216
28.6363
28.9151
29.1373
28.5258
29.1262
28.6003
29.2323
28.5471
28.7943
28.6436
29.0239
28.873
28.7303
28.8252
28.8096
28.985
29.0556
28.6857
28.7743
28.6799
28.6976
28.8326
29.0838
29.1012
29.0925
28.8266
28.9804
29.1401
28.9791
29.051
28.9608
28.8126
28.823
29.0302
29.1205
28.8263
29.2421
29.1321
29.0045
28.984
29.1416
29.1653
29.0245
29.1948
29.3017
28.3886
28.8976
29.0597
28.7568
29.0696
28.947
28.7977
28.8617
28.7949
29.2908
28.4139
29.2654
29.1733
28.7951
29.2
29.0046
29.0262
28.9094
29.1664
29.2062
29.1354
28.948
29.2734
28.8997
28.7215
28.9064
28.4316
28.7421
28.6203
28.7811
29.0918
29.1209
29.0698
28.8185
29.0274
28.9989
28.8162
28.9089
29.0881
28.5956
28.9079
28.8925
28.9937
28.8965
29.1524
28.9425
28.8334
28.8027
29
28.7551
28.9342
28.8534
28.9656
28.9942
29.1862
29.1336
29.2641
28.6646
28.7371
28.9308
28.922
28.7463
28.854
29.081
28.7878
28.8827
29.2814
28.7754
29.2248
28.9137
29.0746
29.215
28.9683
29.4681
29.2891
28.5555
28.7973
28.9089
29.0303
28.8672
28.9094
28.6927
29.1512
28.9659
28.9482
28.7068
28.9725
28.862
28.803
29.1245
28.9869
28.3908
28.8356
28.4985
28.7788
28.9586
28.9226
28.7085
28.6234
29.0632
29.0072
28.7709
28.5284
28.7923
28.9949
28.7787
28.5446
28.5501
28.9875
29.0959
28.9932
28.7381
28.8922
29.1442
28.8126
28.6389
28.9054
28.8704
29.2609
28.6583
29.1713
28.9198
28.9084
28.6914
28.6213
28.7497
29.0213
29.2167
29.1807
28.6932
28.3568
28.5307
28.955
29.0607
28.9806
29.055
29.1665
28.5243
29.0129
28.603
28.9725
28.7075
28.9077
28.6023
28.4704
28.8371
28.6483
28.7714
28.9618
28.3372
29.1372
29.2268
28.5653
28.7616
29.0857
29.1645
29.0625
28.6544
28.5683
28.8665
28.9282
28.7494
28.6769
28.9967
29.0318
28.8275
28.767
28.966
29.0257
29.3646
28.8117
28.8288
28.7986
29.2675
28.8815
28.5739
28.9701
29.232
28.8623
28.3167
28.4848
28.9566
28.5553
28.8259
29.1775
28.715
28.6796
29.2709
28.914
28.4402
29.0924
28.9081
28.825
28.9651
28.672
28.5964
28.87
28.6087
29.0146
28.7131
28.5214
29.1708
28.874
28.7619
28.8193
29.2159
28.8528
28.9688
28.8437
28.6715
28.9362
28.702
28.6683
28.8777
28.7994
28.5314
28.738
29.0543
28.9724
28.7012
28.8121
28.8224
28.9934
28.8258
28.7379
28.7797
28.8681
28.6626
28.7369
28.8113
28.7707
29.0879
28.3026
28.6441
29.0487
28.8581
28.5713
28.3898
28.5366
29.0959
28.7548
29.21
28.5797
28.8519
28.9249
28.5873
28.6947
28.41
28.8548
28.8771
28.5997
28.9593
28.7488
28.7511
28.7638
29.0058
28.8915
28.9366
28.5512
28.6986
28.5409
28.7188
29.0127
28.7019
29.0289
29.287
28.913
29.1137
29.024
29.0936
28.7195
28.9403
28.8951
28.8097
28.662
28.8822
28.9703
28.772
29.3093
28.5633
28.8501
29.5667
28.7687
29.0494
29.0712
28.7874
28.8014
29.0533
29.1
29.6094
28.67
28.691
28.8925
29.0375
29.1913
29.1629
29.1263
28.597
29.0061
29.0642
28.9551
28.6768
28.4286
28.6419
28.5865
28.7628
28.6017
28.9814
28.5451
29.0964
29.2487
28.8586
28.8725
28.4687
28.6444
28.6288
28.8335
28.7941
28.7687
28.6959
28.462
28.95
28.8643
28.848
28.8337
28.9108
28.8947
29.4316
28.9472
28.7379
28.8439
29.0216
28.8901
28.9355
28.9112
29.0539
29.4136
29.3371
28.4496
28.6854
29.2446
29.0518
28.8622
28.6773
28.7652
28.9079
29.0169
28.7369
28.7477
28.691
29.0138
28.9559
29.0254
28.742
28.7862
29.0829
29.3714
28.7599
28.6522
29.1553
28.7932
29.2467
28.3632
28.7504
28.8438
28.929
28.5355
29.1289
29.2056
29.1853
28.9106
29.2251
29.039
29.2548
29.1067
28.9662
29.1624
28.6471
28.8707
28.6335
29.0012
28.8943
29.5548
28.7365
28.739
29.1348
28.5777
28.9692
28.6904
28.6985
28.4681
28.8906
29.309
28.7864
28.7007
28.625
28.8462
29.0305
28.5966
28.4308
28.8046
28.7762
28.6012
28.7731
29.102
29.0056
29.117
28.6611
28.6597
28.7524
28.5433
29.0594
28.4604
28.8909
28.4373
28.7236
28.9936
28.8223
29.0867
28.7856
29.0943
29.2299
28.3211
28.8501
28.9788
29.1389
28.7267
29.0716
29.2939
28.8181
28.6555
28.8248
28.6066
28.9593
28.9749
29.3485
29.5189
28.6906
28.5056
28.8644
29.3739
29.0478
29.0171
28.7425
28.7546
29.1582
29.1792
28.8192
28.8713
29.0355
28.68
29.613
28.9263
29.1649
29.3973
28.5868
28.8968
29.0278
29.0506
28.9614
29.1676
28.5931
28.83
28.6673
29.0656
28.8455
28.852
29.0578
29.0742
28.852
28.7793
29.0438
28.8335
29.2464
28.6056
28.6437
28.4371
28.3723
29.1904
28.9857
28.8664
28.546
29.141
29.422
29.0751
29.0661
28.5671
28.9112
28.9087
28.9388
29.2202
29.0345
29.1951
28.4141
29.1443
28.7001
29.0745
29.1
28.7379
28.7819
29.1112
29.0233
28.5335
28.7176
29.2095
29.2442
28.8248
28.4788
28.7879
29.236
29.1312
28.6794
28.7978
29.1684
28.788
28.8741
29.2162
28.8635
29.034
28.8037
28.9933
29.1307
29.0883
28.9701
28.8214
28.8895
29.1405
28.8393
28.5197
28.805
28.7826
28.774
29.2193
28.8302
29.063
28.6076
28.91
28.7147
29.2117
29.4311
28.5786
29.0962
29.2283
29.2454
29.1388
28.5948
28.8569
29.0001
28.6214
28.7399
29.2398
29.1171
29.2294
28.9645
28.831
28.986
28.4805
28.5577
28.6392
28.8071
28.6013
28.4524
29.2475
29.0517
29.1979
28.7957
28.8265
28.9374
29.0652
29.1278
28.7996
28.9211
28.7588
29.1755
28.4195
28.7655
28.7284
29.3958
28.86
29.0692
28.6678
28.7028
28.9946
28.9758
29.0534
28.8074
28.6089
28.479
28.9701
29.4046
28.5433
28.8206
28.6539
28.283
29.007
28.8657
28.8636
28.8161
29.054
28.727
28.9681
29.3001
28.8509
28.8435
29.2023
29.0242
28.852
29.2247
29.1196
28.708
28.7407
29.2479
28.9514
29.1564
29.0536
29.0044
28.9405
28.9757
28.681
28.642
29.0807
28.4883
28.8317
29.4368
29.1357
28.7869
29.2551
29.092
29.2418
28.7895
29.409
29.0106
28.7999
29.0612
29.1685
28.9651
28.7341
29.3971
28.7543
28.87
28.6832
28.9196
29.2786
28.689
28.8829
28.7761
29.0701
29.003
29.1169
28.9521
28.9956
28.9285
29.077
29.0491
29.1092
28.9785
29.1378
28.882
28.8188
29.1814
28.9618
28.6611
28.6548
28.8572
28.7728
29.1213
28.9165
28.8357
28.7213
28.8092
28.7042
29.0095
28.7443
28.8833
28.5925
29.0085
29.0497
28.5221
29.2844
28.8941
29.0482
28.5683
29.1154
28.892
28.667
29.0934
28.803
29.0096
28.9988
28.8857
28.7531
29.0129
28.9396
29.0157
29.2134
28.9456
28.7812
29.3215
28.5167
29.1347
28.7463
29.2706
28.9473
28.8031
28.6469
29.0036
28.7215
28.6592
28.3984
28.7104
29.0992
29.0094
29.1242
28.6909
29.083
28.9483
29.234
28.7283
29.1043
28.8594
29.1692
28.9017
28.9267
29.2555
28.5008
28.8089
28.6138
28.921
28.9642
28.6509
28.5189
28.6848
28.58
29.0419
28.8262
28.896
28.9234
29.0522
28.7083
28.6357
29.2649
28.6263
28.9378
28.6053
28.9917
28.9421
29.005
28.9733
28.8245
28.623
28.8945
28.7656
28.3536
28.7555
29.081
28.8259
29.105
29.0872
29.2436
28.7863
28.7173
28.7483
28.8802
28.9779
28.7147
29.112
29.2773
28.6699
28.7369
28.8445
28.9484
28.8481
28.4213
28.8442
29.0237
29.2773
29.0065
28.9392
28.6495
29.1659
28.5618
28.8266
28.7146
29.1523
28.7518
29.0061
28.9276
29.1488
28.8067
28.6937
28.9601
29.1516
28.9579
28.6553
29.0505
28.8314
28.7
29.3789
28.9987
28.797
29.1654
29.2094
28.9631
28.9296
28.9023
29.3343
28.8507
29.2521
28.4556
28.9502
28.9001
28.7895
28.9759
28.8182
28.6185
28.5975
29.2131
28.8732
29.2171
28.8327
28.7681
28.4367
29.1342
28.2542
28.9608
29.1952
29.0543
28.7113
28.6882
28.8235
29.0107
28.7315
29.162
28.9592
28.562
28.7294
28.6398
28.5409
28.546
28.8869
29.2147
28.6013
29.0449
28.9553
28.6529
28.8353
28.9327
28.8874
29.003
29.0519
28.9581
28.8741
28.9945
29.1092
29.2559
29.1885
29.3107
28.7601
28.9331
28.3591
28.3849
29.148
28.9401
28.3386
28.8857
28.2433
28.6641
29.0676
28.226
29.0947
28.7913
28.5437
28.6381
29.0249
28.8484
28.5541
28.9278
28.6613
28.744
28.7751
28.4523
28.4917
28.839
29.0072
28.7583
28.9396
29.0487
28.7093
28.3802
28.4335
28.3324
28.6926
28.9164
29.0694
29.0684
28.514
28.7989
28.8459
28.7983
29.1219
28.4615
28.5433
28.2846
28.7084
28.6783
28.7131
28.7586
28.1716
28.6307
28.5767
28.6593
28.944
28.6987
28.766
28.926
28.9087
28.306
28.4487
28.7448
28.9455
28.5995
28.8995
28.4425
28.1814
28.4389
28.7587
28.7425
28.4309
28.8691
28.8089
28.4354
28.6179
28.9592
28.3709
28.8003
28.6051
28.843
28.8795
28.5604
28.3071
28.5755
28.4759
28.4049
28.7477
28.6203
28.6454
28.8756
28.9022
28.509
28.679
28.8665
28.8239
28.4015
28.916
28.8184
28.6088
28.9518
29.1759
28.3987
28.8514
28.4168
28.7377
28.6109
29.0389
28.8753
28.5598
29.2086
29.1505
28.5393
28.3483
28.556
28.5346
28.8552
28.9512
28.3135
28.8869
28.6368
28.5425
29.0468
29.0131
28.5086
28.6923
28.6742
28.6434
28.3855
28.9057
28.3915
28.8141
28.9034
28.7335
28.6904
28.8685
28.3811
28.5823
28.7489
29.1517
29.0334
28.9098
28.5765
29.3858
28.8131
28.5126
28.9271
28.7799
28.9934
28.7723
28.9327
28.6469
29.1846
28.5251
28.4066
28.1955
28.6628
28.6906
28.5086
28.6914
28.5966
28.7968
28.902
27.961
28.7031
28.5065
28.8878
29.1356
28.6024
28.8502
29.0101
28.814
29.428
28.9426
28.7727
28.713
28.8963
29.1539
29.0587
28.8326
28.9008
29.1841
28.7588
28.9994
28.7234
29.3896
28.9852
28.8059
29.0144
28.4463
29.2535
29.0474
28.9937
29.0592
28.4476
29.0823
28.9153
29.1847
28.815
28.6941
28.7844
29.4324
29.2562
28.8785
28.8885
28.9348
28.9884
28.5573
29.2957
29.1125
29.3065
28.7582
28.7892
28.9103
29.1013
29.0988
28.9443
28.911
28.6951
28.7239
28.9065
28.8049
29.2876
28.9206
29.0924
28.825
28.831
29.116
29.2659
28.6279
28.7519
28.2704
29.1347
28.8828
29.1735
28.6385
28.6131
29.1085
29.0106
29.1716
28.8355
28.9318
28.7192
28.9037
28.4428
29.2094
28.9453
29.0576
28.9751
29.1224
29.2209
28.5528
29.2085
28.9235
28.774
28.9141
29.0411
28.9985
28.7511
28.8868
29.074
28.6777
28.851
29.2156
29.3068
28.9121
28.7583
28.6871
28.8087
28.8012
28.6469
28.6937
29.0052
29.0017
29.17
28.6048
28.5762
28.857
28.5904
29.1335
29.1232
28.6624
28.7016
28.4963
29.0986
28.6519
28.6465
28.8931
29.1449
28.2843
28.915
29.1491
28.7334
29.1115
28.8728
28.9922
29.2408
28.9166
28.8971
28.525
29.3404
28.9383
28.8766
28.8884
28.6536
28.9624
28.6758
28.7658
28.9101
28.8232
28.857
28.7407
28.7723
28.9991
28.9526
28.715
28.6904
28.731
29.3689
28.621
28.5589
28.7016
28.8466
28.5383
28.822
28.6957
28.8694
28.6624
28.7707
28.4493
28.7906
28.5159
29.2504
28.3374
28.6739
28.6993
29.2568
29.0365
29.1087
28.8364
29.0231
28.8164
28.813
28.3898
28.6461
28.9483
28.721
28.7788
28.7092
28.8136
28.5983
29.0493
28.9915
29.0207
28.5974
28.4461
28.7825
28.879
28.3425
28.7731
29.0567
28.8087
28.0663
28.8511
28.3764
29.0798
28.5371
28.5821
28.804
28.7431
28.8087
28.8087
28.8443
28.6057
28.8274
28.7788
28.4558
29.0483
28.9179
29.1365
29.0219
28.7982
28.7983
28.7564
28.4942
28.5847
28.8454
28.8092
28.5672
28.7526
28.4599
28.8231
28.8109
28.8674
28.4341
29.1714
28.7879
28.6519
29.0351
28.7847
29.02
28.5312
28.7277
29.1342
29.0035
29.0385
28.6721
28.8677
28.8611
28.9073
28.6992
28.6003
28.9335
28.9109
28.9167
28.5956
29.0773
29.0435
28.7485
28.598
29.1431
29.0526
28.6311
28.7534
28.9067
28.6336
28.3773
29.4597
29.1478
28.6367
28.862
28.9947
29.3236
29.0568
28.6424
29.165
28.4936
29.093
28.4696
29.0635
28.6554
28.8541
28.6546
28.8872
28.6604
29.0459
29.0906
28.7441
28.8491
29.229
28.6552
28.6734
28.1515
28.8572
28.746
28.8033
28.7596
28.8015
28.8428
28.8973
28.6604
28.6313
29.0466
29.273
28.6412
29.2226
28.6801
29.1176
29.1763
29.0341
28.8217
28.8467
28.7343
28.9465
29.0375
28.8803
28.6192
28.9133
28.7148
28.7079
28.8144
28.6882
29.1258
29.0747
28.4794
28.8972
29.1883
28.8778
28.6475
29.1685
28.791
29.3121
29.4004
28.8994
28.6519
29.1479
29.2178
29.3271
28.6966
28.6265
29.1907
28.5638
29.4349
28.8941
28.9717
29.0199
29.2636
28.905
29.0359
28.9129
28.5867
28.8739
28.8584
28.9342
28.9079
28.5705
29.0401
28.5373
28.931
28.3776
28.8495
28.5939
28.9515
28.6595
28.8916
28.7209
28.7176
28.7508
28.8908
29.3503
28.7772
28.7303
28.5138
28.5598
29.1359
28.955
28.9216
28.8552
28.8667
28.3305
28.8528
28.8868
29.0899
28.8908
29.0503
29.0011
29.0069
28.7872
28.6361
29.1833
28.8189
28.5185
28.6953
28.8274
28.9664
28.6738
28.6983
28.8163
28.6652
29.0508
28.8277
28.3213
28.8436
29.0568
28.7691
29.0387
28.8825
28.6539
28.2209
28.966
28.7731
28.6385
28.6544
28.5838
28.834
28.3883
28.9385
29.0764
28.5479
28.4623
28.4473
29.1269
29.1583
28.9105
28.6624
28.8946
28.7913
28.3716
29.0115
28.6888
28.6882
28.6065
28.4738
28.6526
28.6839
28.817
28.482
28.6858
28.8345
28.748
28.6035
28.5298
28.7649
28.664
28.7404
28.3984
28.234
28.7153
29.1802
28.6533
28.4061
28.5914
29.2381
28.5556
28.6874
28.7676
28.8209
28.7349
28.6744
28.0629
28.4671
28.622
28.782
28.7895
29.1198
28.7561
29.2419
29.1364
29.4882
28.9481
29.3604
29.0611
29.1063
29.1788
28.8818
29.2543
29.2349
29.2084
28.9665
29.1062
29.2529
28.8917
29.2632
28.9621
28.7952
29.0957
28.9794
29.0863
29.0886
28.8434
29.2371
29.1077
28.8836
28.657
29.0633
29.1095
29.1348
29.3107
28.6933
29.308
29.137
29.114
29.077
28.9102
29.0967
29.0401
28.9803
29.1274
29.2393
28.9259
29.321
29.0122
28.8244
29.0946
28.667
29.0829
29.2621
28.83
28.7442
28.7889
28.9282
29.045
29.4513
28.9493
29.1776
29.241
28.856
29.0456
29.2512
29.0771
29.1537
29.2259
28.8155
29.5186
29.0952
28.7267
28.5498
29.1854
28.6985
28.575
28.652
28.865
28.8378
28.6704
28.5885
29.044
29.009
28.9453
28.8783
28.6196
29.0055
29.2104
28.697
29.0093
28.6802
28.5828
28.564
28.5976
28.5397
29.0381
28.9136
28.9204
28.6832
28.5771
28.6172
28.6034
28.7904
29.2625
28.6497
28.909
28.4452
28.4602
28.6663
28.8965
28.906
28.9039
28.4887
28.6055
28.9485
28.5863
28.5963
28.8402
28.6265
28.8735
28.7135
28.6111
28.5726
29.155
28.6567
28.4326
28.6299
29.0511
28.9687
28.9523
28.6142
28.6262
29.0986
29.2599
28.4445
28.6749
28.5058
28.9089
28.6683
28.4448
28.9233
29.2244
28.9957
28.3422
29.0713
28.6807
29.1455
28.8897
28.9511
29.1998
28.6675
29.0071
29.2337
28.6931
29.2629
28.8213
29.0796
28.7624
29.1672
28.8572
28.5559
29.133
28.9869
28.9401
28.9029
28.7969
28.7715
28.8633
29.2171
28.8892
28.8158
28.6838
28.7752
29.2478
28.9919
28.8437
28.7583
28.4444
28.53
28.3025
29.2242
28.6731
28.4163
28.6255
28.9665
29.1142
29.1412
28.5434
28.0909
28.9726
28.9223
28.4903
28.7684
28.5666
29.2554
28.7608
29.2464
28.585
29.0102
28.9207
29.2131
28.5439
28.5318
29.1419
29.1071
29.0634
28.1482
28.7735
28.9996
28.9769
28.9974
28.9232
28.7728
29.003
28.8177
29.1704
28.8238
29.3079
28.8631
29.4708
28.7625
28.5234
28.7047
29.2417
28.9262
29.396
29.2258
28.945
29.2206
28.9631
28.8314
29.0656
29.127
29.5716
28.6625
28.8681
29.4137
29.1696
28.7682
29.1752
28.7789
28.7112
28.8876
29.388
28.9946
29.203
28.9493
29.4694
29.1614
28.7955
28.9285
29.0869
29.1409
28.874
28.7014
28.6486
28.7309
29.2509
28.9669
28.592
28.8086
28.8562
29.0496
29.079
29.1022
29.1031
29.1041
29.1892
28.849
29.1134
29.3116
28.9782
28.6856
29.2005
28.8587
29.1025
29.0395
28.6964
28.8172
28.8701
28.9558
28.9344
29.4445
29.1062
28.7152
28.8652
28.841
29.0791
29.5665
29.0278
28.7304
28.7215
28.6332
29.0078
28.8993
29.1629
28.7743
29.0552
29.072
28.5934
28.8836
28.5897
28.8164
28.4847
28.707
28.5878
28.8887
28.7736
28.5435
28.5029
28.6185
28.7645
29.1378
29.1171
29.0854
28.4814
28.5313
29.0626
28.587
29.1687
28.7983
28.9223
28.6074
28.769
28.197
28.5448
28.5852
29.0572
28.9197
28.8626
28.7805
28.7598
28.4921
28.9947
28.642
28.9418
28.5616
28.6533
28.8411
28.822
28.8944
28.7122
28.9287
28.6532
28.6554
28.6969
28.6938
28.696
28.7636
28.7192
28.5401
28.8524
28.4991
28.5453
29.3331
28.7664
29.1183
29.0541
29.0761
28.596
28.5725
28.8103
28.6576
29.2172
28.6146
29.2928
28.8049
28.7917
29.047
28.9075
29.089
28.4958
28.814
28.9924
28.8871
28.8931
28.731
28.4818
28.5825
28.9088
28.592
28.9716
29.1696
29.1852
28.684
29.2775
28.5905
28.7969
28.8874
28.6546
28.4191
28.693
28.6802
29.0265
29.2458
28.772
28.5374
28.7085
28.7456
28.9011
28.5395
28.6808
28.9375
28.9055
28.9034
28.902
28.9938
28.8307
28.9786
28.6412
28.9855
28.9553
28.5688
28.8996
28.7427
28.771
28.6363
28.8723
28.5726
29.1086
28.3894
28.7228
29.0914
29.161
28.4461
29.0952
28.8362
28.7804
28.8769
28.9826
28.8337
28.7805
29.0474
28.8088
28.8707
29.004
29.0424
28.9298
28.8312
28.9737
28.6189
28.8399
28.8706
29.047
28.8394
28.6806
28.7546
29.0628
29.0834
28.5224
28.9851
28.6893
29.1599
28.6497
29.0658
29.0799
28.7226
28.8235
28.9779
28.956
29.2188
28.478
28.816
28.8856
29.1328
29.2046
29.1994
28.7366
29.3013
29.1546
28.4676
28.7453
28.8703
29.0339
29.2817
28.6007
28.86
29.1716
28.8966
28.6409
28.9308
29.0179
29.048
28.7556
28.6882
28.7942
29.3464
28.7357
28.7272
29.4011
28.9996
28.8315
28.9682
28.8744
28.9202
28.7994
28.8162
29.0955
28.9625
28.9044
28.6406
29.4058
29.5091
28.5377
28.5464
28.7603
28.6739
28.9529
29.337
29.2573
28.9008
28.5852
28.7445
29.3886
29.0177
28.926
28.5001
29.1604
28.8512
29.0507
29.0094
29.0234
29.1067
28.8649
29.0056
28.8112
28.9938
28.899
28.7969
29.2806
29.1201
28.9534
28.9667
28.6595
28.9639
29.1241
28.866
28.9326
28.8417
28.8019
29.271
28.8618
28.8551
29.0403
28.8933
28.8498
28.6331
29.2589
28.7444
28.8531
29.0046
29.1492
29.146
29.0557
28.6814
28.654
29.3435
29.0652
29.2442
28.9253
29.2844
28.9374
28.6472
29.7909
28.953
28.4844
28.8491
28.9462
29.2943
28.6971
28.7199
29.13
29.2969
28.8949
28.9915
28.8584
28.2862
29.2866
29.1804
29.2979
29.0563
28.643
29.3533
29.3967
29.0489
29.1057
28.7585
29.0858
28.8276
29.2787
29.2117
29.1762
28.9987
28.7067
28.7828
29.129
28.971
28.8923
28.8109
29.1729
29.0028
29.0809
28.8286
28.8523
29.2283
28.9601
28.898
29.2582
29.0433
28.9275
28.7063
29.3751
28.946
29.2139
29.1987
29.1444
29.1406
29.0066
29.0042
28.838
28.5237
29.0154
28.762
28.9749
29.0381
28.8139
29.0987
29.2861
28.7945
28.7121
28.889
29.1161
28.7444
28.6991
28.806
28.8969
28.9003
28.5993
28.9793
28.8925
28.5934
28.8491
29.2343
29.0904
28.8433
28.9962
28.9499
29.2434
28.8261
28.8254
28.6846
29.4849
29.0362
28.7532
28.9562
28.8287
28.6488
28.9238
29.0109
28.7668
29.2354
28.6026
28.3833
29.0202
29.3161
28.9614
28.8455
28.7399
28.7492
28.7164
28.7276
29.0139
28.4478
28.9179
28.3937
28.7264
28.8951
29.049
28.7754
28.8639
29.1328
28.8739
28.7529
28.7731
28.8318
29.242
28.8135
29.0638
28.86
28.9884
28.8632
28.9553
28.7326
28.78
29.1738
28.8603
28.4675
28.7503
29.2285
28.8276
28.9882
28.5932
29.0588
28.6609
28.7829
28.9204
28.8163
29.0095
29.0579
28.9631
28.7711
28.6634
28.7803
28.4411
28.9216
28.5771
28.759
28.6593
29.1488
28.8718
28.6663
29.2417
28.6583
28.399
28.5731
28.7584
29.0161
29.358
28.8328
28.8275
28.6445
29.1859
29.2491
28.9052
28.702
28.7691
29.0729
28.4236
28.8637
28.7543
28.7325
29.0733
29.0943
28.8098
28.7145
29.1905
28.7555
28.5292
28.9841
29.1762
29.1825
28.9927
28.979
28.9424
28.8933
29.1214
28.8796
28.5927
28.5038
28.9352
29.2192
28.7668
29.0092
28.8955
28.9634
28.9395
28.8376
29.2294
29.0903
28.8033
28.6748
28.5684
28.813
28.9209
28.9423
28.6873
29.0032
28.9062
28.8743
28.6988
29.0474
28.8368
28.4704
28.5394
28.615
29.0854
28.3616
28.6066
28.7724
28.6388
28.8967
28.5379
28.764
29.3358
28.9466
28.7889
28.9355
28.5758
28.5863
28.6502
28.8704
29.1601
28.8158
29.3918
28.8802
28.7117
28.9291
28.8026
28.6159
28.8882
29.0556
29.0735
28.905
29.0413
28.7908
28.7934
28.9776
29.0136
28.5328
28.9728
28.7937
28.828
28.6033
29.0627
28.7275
28.7898
28.3282
28.8506
29.1624
28.8044
28.8677
29.1208
28.6264
28.898
28.3545
29.1753
28.5512
28.8665
28.7918
28.8958
29.0371
28.9068
28.8221
28.7241
28.5054
29.1162
28.9997
29.171
28.5396
28.8595
28.9439
29.0598
28.6925
29.0889
28.5835
28.7657
28.2904
28.6011
28.6229
28.6627
28.8467
29.0689
28.8131
28.4085
29.1826
28.5151
29.035
28.7258
28.921
28.6059
28.7747
28.5518
28.6936
29.4253
28.8145
28.7492
28.9925
28.903
28.6971
29.1469
29.1466
28.5859
28.8063
28.5646
28.453
28.7624
29.0281
28.9407
29.2764
28.915
29.143
28.5475
28.6111
29.0905
28.8376
28.5754
28.6914
28.8598
28.8599
28.8278
28.5962
29.0163
28.927
28.5231
28.8285
29.4313
29.0735
28.9002
28.8379
29.1963
29.2559
29.2238
28.7594
28.832
29.0096
29.0411
28.291
29.064
28.8628
29.399
28.6911
28.836
28.7741
28.8306
28.9767
29.1755
28.7324
29.2154
28.5363
28.8262
29.063
28.8137
29.0944
28.7452
29.1802
28.984
29.1224
28.8374
28.8997
29.0376
28.7046
28.6351
29.3508
29.0426
28.5168
28.4278
28.7909
29.3845
29.2038
28.7077
29.1037
28.6839
28.9312
28.8063
28.9624
29.0687
29.006
28.4554
28.7221
28.7194
28.9029
28.8981
29.0117
28.827
28.802
28.7747
28.3709
28.4702
29.0103
28.9001
28.9523
28.6139
28.4484
28.7869
28.9022
28.6668
28.6572
29.1319
28.9556
28.6527
28.8543
28.7203
28.6502
28.7846
28.8159
28.8966
28.7599
28.9639
28.6138
28.8543
29.1182
28.8417
28.772
29.0018
29.1484
28.8606
29.1605
28.9588
28.8628
28.9827
29.0601
28.7291
28.7371
28.625
28.8491
28.9389
28.8415
29.0067
28.9781
28.3119
28.8987
28.697
29.2522
29.1857
29.1891
28.7741
29.1362
28.8206
28.9339
28.9101
28.4834
28.7311
28.9461
28.806
28.7475
28.3258
29.0842
28.8017
29.0191
28.7546
28.3868
28.9284
29.0775
28.7995
29.2886
29.2472
29.3784
28.6109
28.7521
28.7213
28.8978
29.1509
29.2199
28.6452
29.2607
28.6887
28.5863
28.9417
29.1196
28.5717
28.8273
29.1675
28.6311
28.6916
29.1543
28.5206
28.5608
28.664
28.6948
28.8843
28.4955
28.9754
29.0423
29.0096
28.8538
28.9879
28.6073
28.8107
28.1967
29.2505
28.6579
28.9858
28.6223
28.8853
28.9008
29.0198
28.9891
28.9081
28.8822
28.1736
28.7219
28.6306
28.6245
29.1422
28.661
29.001
29.0727
28.648
28.8772
28.6767
28.3777
28.895
28.9397
28.8975
28.8959
28.6389
28.5662
28.7141
28.7037
28.8467
28.8838
28.8738
28.673
28.6695
29.4023
28.537
29.2997
29.3071
29.1504
28.7982
29.0875
28.7219
29.1898
29.1094
29.0873
29.0621
29.1558
28.9552
29.5472
29.1367
29.0372
29.2482
28.764
29.09
28.8672
29.2174
28.8199
29.2809
28.8812
29.1734
29.1037
29.3253
29.2512
28.8449
29.0393
29.0992
28.8343
29.1546
29.0047
29.3664
29.1735
28.8239
29.083
29.0824
28.9649
29.4072
29.0502
28.7746
28.7488
28.9129
28.8857
28.5932
29.1281
28.9457
29.1623
28.6462
28.6437
29.4325
29.5335
29.1412
28.7765
29.3757
28.7931
28.7337
28.7678
28.5057
28.7772
29.1237
29.0074
28.9995
28.7077
28.9803
28.8397
29.1471
28.9283
28.8153
28.6509
28.5121
28.9655
28.7821
28.9016
28.674
29.0524
28.2594
28.9017
28.5401
29.0289
28.9624
28.4262
28.4933
28.8247
28.6363
28.6263
28.6788
28.9105
28.8553
28.6932
28.481
28.7089
29.1062
29.0827
28.764
28.5886
28.9137
28.734
28.9369
28.7543
28.7672
29.0157
29.2734
29.1585
28.8764
28.9478
28.9998
28.6187
28.9048
29.0363
28.5768
28.5219
28.6101
28.8134
28.8982
29.0038
28.95
28.8573
28.3488
28.9496
28.7509
28.8499
28.7743
28.8218
28.3351
28.9018
28.7627
28.7362
28.7022
28.8557
28.3951
28.6936
28.5927
28.8893
28.8516
28.8268
28.5009
28.8372
28.5752
28.6016
28.2758
28.7933
28.5942
29.0786
28.8931
28.7393
29.1375
28.9655
28.6153
28.7603
28.7339
28.767
29.0116
28.7701
28.5719
28.8148
29.0403
28.879
29.2573
28.759
29.1383
28.5879
29.0145
28.9204
28.769
28.5878
28.8552
29.1056
29.2693
28.4794
28.7724
28.3938
29.0283
28.8301
28.9726
28.7496
29.0634
28.9698
28.74
28.7427
29.0457
28.7812
28.6005
28.2569
28.4305
28.8136
28.9786
28.4893
28.7917
28.9802
28.8322
28.9674
29.1072
28.6682
29.157
28.8364
28.3952
28.8045
29.1632
28.9365
29.2235
28.8941
28.5638
29.1701
28.9517
28.8624
28.6504
28.8843
28.9005
29.0675
29.2093
28.9761
29.0092
29.043
28.8156
29.2996
28.8663
29.0365
28.9668
29.0089
29.3574
29.4784
28.822
28.7269
28.9545
29.0242
28.9754
29.0214
28.7814
28.5837
28.7728
28.4771
28.8158
28.759
28.8373
28.8853
28.527
28.8001
28.7217
28.6833
28.6652
28.9508
28.6924
28.7529
28.7844
28.4989
29.0437
28.9857
29.0088
28.7208
28.7361
29.136
28.8765
29.3572
28.7427
29.1729
28.9487
28.6991
28.9183
28.9597
29.1247
28.6102
28.7878
28.9334
29.2017
29.0687
29.0771
28.865
28.7568
28.6569
29.1153
28.9834
28.8865
28.8478
28.4118
28.6693
29.361
28.9841
28.9593
29.0719
28.5811
29.1449
28.726
29.2377
28.7608
29.1416
28.8275
28.5415
29.2205
28.5366
28.8369
28.2345
28.7703
28.6906
28.9246
28.5487
28.8288
29.1055
28.8351
28.8097
28.6448
28.25
29.1879
28.7783
28.6496
28.729
29.379
28.6945
28.5445
29.0763
28.7116
28.6746
29.0549
28.9675
28.7029
29.0921
28.881
28.5424
28.825
28.7618
28.843
28.8546
28.6388
28.2092
28.9281
28.5614
29.0034
28.8034
28.7925
28.3884
28.6213
28.9579
28.4071
28.7552
28.6065
28.4117
28.9422
28.4377
28.537
28.8722
28.5174
28.2044
28.4275
28.8644
28.2993
28.8583
28.0489
28.7675
28.7574
28.7093
28.332
28.6114
28.7754
28.9102
28.5818
28.5222
28.5126
29.0458
28.4604
28.7115
28.8479
28.6401
28.6474
28.8959
28.3705
29.1104
28.7008
28.3193
28.5259
29.1682
28.8235
28.8818
28.5515
28.4142
28.4449
29.0833
28.5639
28.62
28.583
29.1949
29.0603
28.5871
28.5521
28.7584
28.6434
28.6529
29.1321
28.8282
28.4572
28.5756
29.2337
28.2873
28.3208
28.8688
28.7566
28.8566
29.3107
29.0476
28.9293
28.5514
28.8641
29.2659
29.0547
28.8054
28.8829
28.6767
28.6942
28.4881
28.7228
28.6651
29.0125
28.5619
28.8766
28.3108
28.9213
28.9884
28.3809
28.9206
28.9607
28.5476
28.5947
28.5747
28.977
29.046
28.6595
28.8159
28.3395
28.5397
28.89
28.4483
29.259
28.5816
29.2313
28.3984
28.8364
28.5283
28.8666
28.9008
28.6151
28.9108
28.5734
28.5177
28.3497
28.8451
29.0612
28.73
28.7826
28.3592
28.7011
29.174
28.9027
28.5372
28.7412
28.7678
28.8883
28.6882
28.6795
28.8473
28.9939
28.9214
28.4923
28.8307
28.9129
28.5729
28.7654
29.0025
28.5599
29.1638
28.5574
29.23
29.5085
28.9762
28.9185
28.7725
28.5387
28.6825
29.1069
28.9032
28.4686
28.8486
28.3775
28.8208
28.393
28.9792
29.1106
29.0024
28.5792
29.1522
29.0352
28.7788
28.6557
29.1318
28.905
28.6162
28.4703
28.6429
28.8663
28.6558
28.4537
28.8256
28.8246
29.1451
28.729
28.5094
28.8654
28.9284
28.5033
29.2736
28.7814
29.0582
28.7097
28.8706
28.5907
28.8354
29.1886
29.1463
29.217
28.8737
28.9608
28.8934
29.2053
29.3079
28.4963
29.1641
28.9334
28.9616
28.5906
28.7842
28.6789
29.1764
28.7045
29.1022
28.9002
29.111
28.8597
29.0056
28.8089
29.2799
29.2735
28.8989
28.4134
29.0773
29.0698
29.4469
28.8825
28.8085
28.9577
28.9759
28.9956
28.9537
29.2242
29.2505
29.1923
28.7679
28.7767
29.3657
28.8603
29.0786
28.8568
28.8074
29.317
28.8587
28.9087
28.8594
28.7719
28.9725
29.1546
28.6283
29.3308
28.7893
28.9779
28.8481
28.7017
28.4693
28.8191
28.4887
28.6611
29.0375
28.8352
28.8215
28.7961
28.8132
29.021
28.4262
29.2582
28.7784
29.0513
28.9288
28.6388
28.8093
28.9157
29.4639
28.8875
28.5211
28.653
28.7064
29.0095
28.7597
29.1489
28.7927
28.4473
28.6552
28.7281
28.4747
29.069
29.2113
29.1752
28.8743
28.5494
28.5284
28.6161
28.7989
28.773
28.7881
28.4089
28.427
28.8189
28.9941
28.9315
28.5988
28.7597
28.8758
28.612
29.0854
28.7234
28.7109
28.8439
28.9432
28.7403
28.3716
28.2935
28.9923
29.1221
28.5979
28.8383
28.9283
29.0445
28.4228
28.7991
28.5842
28.6683
28.8353
28.4931
28.5366
29.082
28.5704
28.696
28.4506
28.9806
28.6948
28.9161
28.4332
28.4321
28.5135
28.5184
28.8822
28.4859
28.9441
28.7527
28.494
28.3748
28.9605
28.9624
28.7605
28.6965
28.6867
29.0281
28.7181
28.4134
28.6125
28.8134
28.6815
28.6737
28.3715
28.6941
28.8081
28.4916
28.5972
28.4578
28.3465
28.3998
28.9694
28.7791
28.88
29.1175
28.5077
28.8503
28.6596
28.3994
28.8608
29.0455
29.0935
28.85
29.0777
28.8414
29.1348
28.6623
29.1524
29.0977
28.8804
28.51
28.4902
28.5383
28.6672
28.6694
28.5488
28.962
28.9656
29.1368
28.8425
28.9526
28.9568
28.9005
29.0492
28.5435
28.9485
29.0711
29.0234
28.7433
28.553
29.2713
28.9668
28.9696
28.5752
28.8473
28.7457
28.7712
28.7526
28.5105
28.7971
28.9318
28.7248
28.9009
28.9458
29.013
28.8199
29.4237
28.9274
29.002
29.0182
29.0878
29.2267
29.2359
29.3214
29.0302
28.7522
29.1515
28.6565
28.9946
28.9739
28.9785
28.5536
29.4516
29.0354
29.2556
29.1416
28.9022
28.7918
29.0545
29.2335
28.9648
29.2253
29.3234
29.1501
28.8968
29.0598
28.8862
29.3703
28.7531
28.9143
29.019
29.3168
28.8726
28.4465
28.8421
28.9996
28.9854
28.6867
29.1497
28.877
29.1275
28.5954
29.0345
28.6133
28.9047
28.9689
28.8151
29.2347
29.1601
29.2624
28.6509
28.7856
29.1673
29.2492
29.4363
28.6622
28.6509
28.8473
29.2829
28.9898
28.8453
29.1982
29.1366
28.4537
28.8365
28.9238
28.7263
28.5805
28.8951
29.008
29.1169
29.0233
28.6436
28.7103
28.9174
28.8434
28.5383
28.7275
28.646
28.8694
28.7001
28.7942
28.8004
28.736
28.6657
28.6792
28.8682
28.7325
29.1299
28.9937
28.7505
29.123
29.2346
29.1438
28.6599
28.8112
28.9682
28.9179
28.8025
28.5424
29.04
28.8973
28.504
28.567
28.8006
29.0069
29.0344
28.6739
29.1275
28.9382
28.8405
28.6157
28.5977
29.111
28.9748
28.7627
28.6305
28.8211
28.577
28.7186
28.3704
28.7223
28.4111
28.4724
28.8897
29.1193
29.0769
28.8406
28.5252
28.9201
28.3561
29.0315
28.7612
28.996
29.1617
28.7732
28.7949
29.1519
28.7048
28.8761
28.3671
28.6299
28.8665
28.9235
28.9396
29.1768
29.1236
28.8393
28.737
28.7359
28.694
28.6137
28.9714
28.7559
29.029
28.7485
28.9503
28.6138
28.8979
28.4671
28.38
28.5796
28.8012
28.4376
28.4311
28.5982
28.652
28.6871
28.5965
28.3842
28.7895
28.6856
28.5174
28.8118
28.8941
29.0935
28.7875
28.6714
28.6775
28.7867
28.5212
28.5523
28.7041
28.7245
28.865
28.6096
28.1999
28.6873
29.4337
29.0569
28.7906
28.5638
28.84
28.5977
29.0151
28.6761
28.8218
28.9629
29.1635
29.1004
28.7119
28.487
29.1469
28.7705
28.906
29.0018
28.7726
28.7395
29.0248
28.525
28.8679
28.8959
29.0714
28.3083
28.8845
28.7799
29.073
28.8918
28.8644
29.145
29.1123
28.7297
28.9818
29.0688
28.7186
28.5864
28.3911
28.4116
28.6603
28.7661
29.0384
28.4695
28.4054
28.9461
28.7553
28.6763
28.5133
28.993
28.5623
28.5477
28.8738
28.9518
28.9615
28.5846
28.7464
28.3046
28.7314
28.9653
28.6887
28.6653
28.6465
28.5296
28.6536
28.6454
28.2698
28.6164
28.4692
28.3931
28.9742
28.9487
29.1101
28.9792
28.3572
28.8739
28.879
28.98
29.0356
29.3188
28.7412
28.8726
28.8408
29.1042
29.2309
28.8736
28.8728
29.0929
29.0072
28.6916
29.342
28.9352
28.9444
29.156
28.7346
29.0978
29.1195
28.7096
28.8641
28.7912
29.1015
29.1066
29.0055
28.8341
28.6458
28.7704
29.1269
28.9628
28.9075
28.6011
28.6024
28.8039
28.8135
28.8085
28.5307
28.6892
29.0239
28.9224
29.0127
28.3186
28.726
28.9733
29.0428
28.2476
28.7835
28.888
29.0124
28.474
29.4398
28.61
28.976
28.837
28.6897
28.8584
28.6339
28.8803
28.6345
28.474
28.8193
29.0294
28.8208
28.7725
28.7475
28.7094
28.9333
28.733
28.7741
28.4081
29.0586
28.7738
29.0481
29.1568
29.0999
28.6691
28.9671
28.8189
28.8161
29.2587
28.7873
28.0345
28.2108
28.7145
28.8299
28.952
29.141
28.5887
28.9447
28.9191
28.9546
28.9311
28.4191
28.8494
28.5876
28.6214
28.5286
28.521
28.2872
28.6258
28.1154
28.7841
28.7984
28.8286
28.567
28.614
28.3555
28.8503
28.4601
28.5005
28.6367
28.7871
28.5608
28.7777
28.7666
28.6846
28.5396
28.7877
28.7077
28.8954
28.5524
28.6378
28.478
28.9406
29.0172
28.8301
28.9722
29.0219
28.723
29.0013
28.4668
28.8141
28.7166
28.7909
28.3966
28.825
28.7223
28.9797
28.5987
28.9505
28.9682
28.7714
28.5015
29.0871
28.8538
28.8604
28.776
28.8214
28.6762
29.2315
28.4525
28.3247
28.7618
28.7199
28.586
28.7046
28.7355
28.6322
28.8693
28.6329
28.7109
28.6361
28.2941
28.6612
29.008
28.9333
28.8455
29.0354
28.523
28.7646
28.9645
28.6319
28.9875
28.572
28.691
28.0622
29.1655
28.4725
28.8201
28.6839
28.5979
29.039
28.5924
28.7073
29.0863
29.2441
29.058
28.9316
29.0747
28.986
28.9471
28.7577
29.0127
29.3932
29.0988
28.8961
28.546
28.8961
28.8514
28.7342
28.9863
28.7335
28.8582
29.0535
29.3247
28.6902
29.0444
29.0785
28.2774
28.3793
28.7628
28.5231
28.7181
28.4652
28.6119
28.9956
28.9544
29.0141
28.6897
28.8556
28.3779
28.8636
28.786
28.7513
28.7675
29.0483
28.7206
28.7948
28.8219
28.8206
28.7034
29.1336
28.2928
28.5219
28.8629
28.8862
28.8783
28.7883
28.5647
28.8253
28.3903
28.8241
28.5455
28.5708
28.6528
28.5019
29.2649
29.2697
28.5814
28.4843
28.6337
28.9378
28.5166
28.3136
28.6593
28.5934
29.0148
28.7876
28.4601
29.0735
28.6449
28.614
28.9987
28.4223
28.9339
28.6118
29.0882
29.1205
28.6944
28.4336
28.8863
29.1063
28.8371
28.4387
28.8431
28.8805
28.9518
29.0547
29.0001
28.8292
28.6705
28.7527
29.2251
29.1048
29.2848
28.9546
28.6196
28.8381
28.9195
28.7545
28.8348
28.9569
29.0674
29.0794
29.0721
29.3501
29.1875
29.0478
28.6917
28.6708
28.8794
28.7899
28.9307
29.2844
29.0581
29.1903
28.7236
28.7695
29.2855
29.0215
28.5252
28.6788
28.6567
29.0696
28.9218
28.7941
28.9717
28.51
28.7119
28.8541
28.7982
28.3114
28.9638
29.0294
28.7091
28.5012
28.7549
28.4225
28.9726
29.1972
28.8252
28.8898
28.6878
28.581
28.971
29.1283
28.4958
28.9626
28.6136
28.5627
29.2507
29.0611
28.6751
28.8616
29.0217
29.0844
28.7946
28.583
28.714
28.7328
28.4637
28.3708
28.5671
28.8157
28.9832
28.7175
28.9517
28.7297
28.5702
28.3929
28.6663
28.8374
29.1505
28.3709
28.6654
28.9465
28.811
28.383
28.5029
28.6536
28.6255
28.4205
28.6509
28.443
28.7811
28.3539
28.6307
29.1737
29.0513
28.8567
29.183
28.9984
28.8016
28.9294
28.3932
29.1898
28.4685
28.9912
29.4384
28.9499
29.1011
29.2253
29.1556
28.784
28.7407
28.9281
28.6993
28.7347
29.1124
28.5989
29.2678
28.6751
28.7486
28.9402
29.1496
28.8761
28.9236
29.122
28.8433
28.6541
29.0879
29.1077
29.0254
29.0701
28.9078
28.7441
29.0358
28.7503
28.9873
29.2819
28.0868
28.7095
28.9857
28.8435
28.8483
28.5573
28.9226
28.9407
28.9522
28.8469
29.2595
28.8634
28.7249
28.9845
28.5948
28.7182
29.1237
28.9346
28.6849
28.677
29.1972
28.5538
28.6995
28.7152
28.4622
28.3536
29.0693
28.8184
29.0158
28.6059
29.0208
28.6256
28.6512
28.6126
28.7425
28.6666
28.8869
28.7382
28.6113
28.7921
28.8158
29.0386
28.562
29.0036
28.7519
28.4872
28.7396
29.456
29.0216
28.8545
28.945
29.2059
28.7766
29.2098
29.1417
29.161
28.8407
28.8894
29.156
29.0896
28.7313
28.9506
28.9437
29.0315
29.4475
28.855
28.7861
28.966
28.8965
29.0564
29.2257
28.9237
28.9205
28.8774
29.0701
28.9605
28.8626
28.4057
28.7415
28.4495
28.8545
28.5199
28.5295
28.6197
28.9268
29.0452
28.6783
28.5901
28.9811
28.7904
28.2351
28.6503
28.8797
28.9127
28.7131
29.0782
28.6515
28.6113
28.7316
28.7496
28.4504
29.4086
28.5258
29.1895
29.0467
28.9626
29.1126
28.9687
28.8316
29.4283
29.0402
28.576
28.5537
28.9572
29.0971
28.647
29.3299
28.9128
28.8576
28.7646
29.3595
29.1486
28.8138
28.562
28.6277
28.9014
28.9238
28.2796
28.4734
28.778
28.7639
29.1417
28.7292
28.9116
29.0314
28.7556
29.0304
28.9287
28.7166
28.5914
28.7464
28.6513
28.6901
28.9393
28.7416
28.8927
29.0868
29.1925
28.6485
29.0353
28.9832
28.4929
28.8076
28.6354
29.0041
28.9903
28.8115
28.6094
29.2478
29.1513
28.7535
28.7709
28.8069
28.4153
28.7927
28.538
28.5216
